,policy rate,reward rate,dec temp,habitual tendency,subject
0,0.2940057,0.5524772,1.8833404,0.687784,0
1,0.02911187,0.3816999,2.4438713,0.5041534,1
2,0.7432775,0.52063423,2.3442943,1.0732486,2
3,0.47662947,0.05410559,4.131323,0.6315356,3
4,1.7738144e-05,0.93633246,3.7118526,0.8224761,4
5,0.2751626,0.74001104,4.8292284,0.9482664,5
6,0.99821824,0.9331179,1.2706054,0.8021325,6
7,0.18281157,0.25101957,1.6971213,0.8409214,7
8,0.6535156,0.49962845,4.607873,0.97102535,8
9,0.9953453,0.54737306,1.4997,0.7946949,9
10,0.0029404422,0.39882123,3.1395702,0.94575876,10
11,0.14085957,0.021421717,3.84648,0.57334346,11
12,0.3884786,0.5455456,1.7927994,0.74446523,12
13,0.62604374,0.40868458,2.4148068,0.68387055,13
14,0.12288863,0.80064,4.418473,0.6351531,14
15,0.99124205,0.60865164,3.284459,0.6515703,15
16,0.05522807,0.4491382,3.2266138,1.0019006,16
17,0.2090869,0.29748002,1.4277575,0.59596425,17
18,0.29477006,0.50078213,4.9614263,0.89887834,18
19,0.0152185345,0.576337,3.1862946,0.7029248,19
20,0.5541746,0.6655853,5.6860476,0.53947175,20
21,0.0011949053,0.31833705,3.9201367,0.5651026,21
22,0.79324913,0.62505794,1.019801,0.88362044,22
23,0.01265362,0.16097513,2.2260108,0.7926312,23
24,0.021493254,0.75723547,1.6737205,0.946404,0
25,0.05533532,0.4660187,1.975646,0.7018257,1
26,0.8861241,0.7676455,1.4050572,0.84447277,2
27,0.4686896,0.044017695,5.206744,0.8103529,3
28,0.0016228257,0.80332667,4.041867,0.871606,4
29,0.29882732,0.765555,3.8154912,0.49403992,5
30,0.9174481,0.6419063,1.3905066,0.74655676,6
31,0.13799001,0.46566156,2.7005868,0.6044921,7
32,0.57983327,0.5250932,3.885021,0.6477616,8
33,0.781999,0.426627,1.2940617,0.8198059,9
34,0.049757306,0.6991831,3.1094046,0.77102774,10
35,0.014973338,0.03176803,4.590451,0.5601097,11
36,0.23810515,0.6799674,1.7651342,0.9321302,12
37,0.10209369,0.44611,2.642021,0.50154793,13
38,0.7335478,0.77564067,2.5475671,0.68662393,14
39,0.98151255,0.80495745,3.7656033,0.8964981,15
40,0.19405128,0.3277209,4.1650505,0.6686458,16
41,0.95604223,0.5926226,2.9625425,0.582249,17
42,0.0736348,0.5202569,4.5418186,0.7299566,18
43,0.32912892,0.8254116,1.922631,0.93945867,19
44,0.034980807,0.6754231,5.502949,0.4482106,20
45,0.0137265995,0.4628464,3.5507102,0.69398594,21
46,0.55674773,0.5719992,2.1225388,0.47493193,22
47,0.8997568,0.4563524,3.1803136,0.6397986,23
48,0.9978098,0.8217798,2.4664147,0.7037406,0
49,0.23034848,0.32790753,1.9722834,0.63045406,1
50,0.62786907,0.9198378,2.0096414,0.8840157,2
51,0.6999997,0.041694816,5.603158,1.0054116,3
52,0.72506547,0.8157838,3.6490135,0.8455125,4
53,0.027822915,0.8594663,4.0184674,0.63990265,5
54,0.0018045281,0.93406874,2.0897672,0.5429793,6
55,0.07251191,0.46025997,2.73564,0.73011196,7
56,0.04560276,0.46226895,3.9809656,0.7795582,8
57,0.0010366421,0.32455087,1.413275,0.96974224,9
58,0.32924485,0.57733196,3.874954,0.7259573,10
59,0.18388405,0.025747422,4.205255,0.76121676,11
60,0.21148196,0.2548987,2.0145473,0.9237789,12
61,0.1620978,0.40038264,3.6992655,0.7514679,13
62,0.6560329,0.73486924,3.680532,0.801548,14
63,0.9998332,0.7326692,3.5513208,0.41609618,15
64,0.00604813,0.4064278,3.915293,0.8352724,16
65,0.00013319819,0.4950369,2.1071675,0.69234526,17
66,0.0965642,0.54145145,4.3349986,0.82573265,18
67,0.0036259964,0.85624945,2.773098,1.1782899,19
68,0.7080621,0.7511916,5.8569784,0.56657577,20
69,0.07330965,0.32032928,3.180965,0.9117843,21
70,0.71746904,0.6245351,1.9641782,0.37171513,22
71,0.0032547107,0.18383221,2.2456694,0.80565304,23
72,0.020543646,0.583226,1.9565028,0.87488174,0
73,0.24742003,0.37300643,1.7845083,0.68386686,1
74,0.9961696,0.51359856,1.3491254,0.8854325,2
75,0.4938451,0.06442915,5.358179,0.80869853,3
76,0.036365543,0.9505246,3.3509812,0.7458177,4
77,0.005538218,0.66322786,2.8251648,0.43672794,5
78,0.5319797,0.35583487,0.68118453,0.46834123,6
79,0.1931145,0.5574838,2.0390701,0.5568712,7
80,0.9805284,0.3829765,3.7041602,0.6342983,8
81,0.045542438,0.43336388,2.0315082,0.4975365,9
82,0.37126678,0.43083283,3.551978,0.7808953,10
83,0.075240694,0.026628297,3.4979618,0.80200386,11
84,0.43299788,0.46197385,1.218688,0.7923777,12
85,0.00072133966,0.46422905,2.6127892,0.5844512,13
86,0.85116076,0.8509909,3.3440542,0.6130333,14
87,0.00032139762,0.60500014,3.904716,1.3420986,15
88,0.001917491,0.43764985,3.088778,0.8358553,16
89,0.90193915,0.651321,2.3812876,0.5361566,17
90,0.120447285,0.4950175,4.229377,0.6697686,18
91,0.005662681,0.49404043,2.767999,0.7104719,19
92,0.012655216,0.72760373,4.076317,0.5348299,20
93,0.007589364,0.39101467,3.5076947,0.75739497,21
94,0.18234147,0.59993005,1.0453207,0.6180861,22
95,0.433909,0.37858385,2.5260508,0.706336,23
96,0.03339799,0.7545096,1.9946425,0.6309211,0
97,0.2876685,0.40231526,2.4703934,0.5283079,1
98,0.051372364,0.75084984,2.1155074,0.80534434,2
99,0.20299092,0.07828363,5.709299,0.8082557,3
100,0.026191898,0.7208542,3.398925,0.8242967,4
101,0.23788843,0.802699,3.6474915,0.815429,5
102,0.9779765,0.9632979,0.78050745,0.68449646,6
103,0.14617866,0.32804137,1.9801061,0.5620458,7
104,0.1536982,0.3590241,5.5166726,0.48025313,8
105,0.26965702,0.27335656,1.9372326,0.46388257,9
106,0.050586388,0.51014996,3.362288,0.73281354,10
107,0.02723643,0.030724505,4.67403,0.5899389,11
108,0.34476942,0.7608128,1.894027,0.8089012,12
109,0.93792206,0.24683301,2.4034472,0.6956062,13
110,0.21869536,0.7200552,4.9276924,0.7116108,14
111,0.00043186382,0.77879745,3.4536886,0.707751,15
112,0.04103928,0.42947558,4.736357,0.6367997,16
113,0.9988018,0.5889943,1.1945056,0.67428756,17
114,0.9600937,0.59662724,4.5560284,0.82900643,18
115,0.041414343,0.5714975,1.8023088,0.6810042,19
116,0.0024706929,0.67963654,4.133447,0.9755393,20
117,0.3452602,0.4159367,4.7698727,1.1828301,21
118,0.053113695,0.43314233,1.7920299,0.6563076,22
119,0.47758725,0.3253107,1.8299091,0.38264465,23
120,0.0067329123,0.28349593,2.04099,0.7707802,0
121,0.7752722,0.37857178,1.6943847,0.4846546,1
122,0.30369186,0.79756814,1.2472914,0.7307771,2
123,0.15980926,0.07394223,5.115914,0.7855674,3
124,0.39974144,0.85048306,4.204296,0.609067,4
125,0.15033273,0.752714,2.7046032,0.8084115,5
126,2.3238437e-05,0.24724391,0.7266121,0.55510116,6
127,0.72124237,0.50982535,1.879335,0.6068841,7
128,0.013489649,0.4300354,3.6641622,0.836656,8
129,0.99279624,0.40993986,2.2471266,0.5214632,9
130,0.3939982,0.54808164,3.1901588,0.6952325,10
131,0.010836129,0.03031767,2.9401255,0.62730265,11
132,0.32382408,0.78227115,1.8170168,0.8320398,12
133,0.3290841,0.2684014,3.676475,0.53135896,13
134,0.093616135,0.8135279,4.1112695,0.67499524,14
135,1.18930075e-05,0.7808903,3.197135,0.99153244,15
136,0.021309417,0.3790878,3.8851442,0.80380946,16
137,0.1594063,0.7702706,2.8907485,0.60558885,17
138,0.114170104,0.4332854,5.535707,0.7499028,18
139,0.0013692655,0.7877298,4.269715,0.7123537,19
140,0.0024181274,0.6766669,6.0927672,0.8994144,20
141,0.99204004,0.41059402,4.172516,0.63980764,21
142,0.534729,0.65726584,2.1217313,0.60803413,22
143,0.30527118,0.31952015,1.9629378,0.82511103,23
144,0.65194386,0.63039064,1.1115286,1.0558884,0
145,0.017136008,0.34525254,2.9641528,0.43863282,1
146,0.57889193,0.80036056,1.6731703,0.93700397,2
147,0.22414005,0.069359526,5.6963987,0.6700587,3
148,0.14496115,0.95416987,5.044625,0.8945131,4
149,0.1441825,0.71301496,2.7085018,0.53132594,5
150,0.98012537,0.74816215,1.0229108,0.56139445,6
151,0.2915558,0.42013916,1.9365289,0.75355804,7
152,0.91156554,0.51159716,3.7297752,0.49928433,8
153,0.8800733,0.6532717,2.854465,0.6233548,9
154,0.91098684,0.581101,4.704912,0.7227159,10
155,0.20476273,0.017524755,3.8640866,0.78404135,11
156,0.2160237,0.36861885,1.8564607,0.53873825,12
157,0.97224516,0.44635126,3.688303,0.92074484,13
158,0.00436742,0.5172647,3.6489668,0.86663043,14
159,0.99390525,0.8845402,4.60404,0.54459816,15
160,0.0016594153,0.4400093,4.2656183,0.6159112,16
161,0.2476196,0.6293246,2.8965278,1.0166783,17
162,0.10758631,0.5918998,5.3444433,0.9340662,18
163,0.40048283,0.65453076,4.2118416,0.5222544,19
164,0.00024055775,0.7317413,4.9060698,1.4184142,20
165,0.80682623,0.32197165,3.4769034,0.6358075,21
166,0.31530997,0.3682365,2.1520023,0.6994622,22
167,0.13866837,0.34799373,2.8330922,0.53227425,23
168,0.045708418,0.63192666,1.44785,0.6176974,0
169,0.32041687,0.49356228,2.744982,1.029545,1
170,0.2824696,0.10738429,1.2879062,0.848158,2
171,0.30836105,0.06587641,5.041478,0.7972002,3
172,0.9996171,0.7997505,3.8737776,0.6665415,4
173,0.6642981,0.6122835,4.0482626,0.6227809,5
174,0.0001820504,0.13702962,0.9741627,0.7299508,6
175,0.5825911,0.23680454,3.1231523,0.6047137,7
176,2.601743e-05,0.48192486,3.893286,0.98047084,8
177,0.32134077,0.6312121,2.0922894,0.7587013,9
178,0.34025443,0.52800936,2.6266406,0.7702171,10
179,0.5391663,0.013234281,4.776794,0.54572445,11
180,0.341961,0.7670098,2.1603804,0.8077061,12
181,0.16385825,0.26817253,3.0027316,0.95257413,13
182,0.006174403,0.75016975,3.8232243,0.70571554,14
183,3.8321425e-05,0.62105167,3.042379,1.1686747,15
184,0.9055289,0.43426004,4.16184,0.53082985,16
185,0.0014620661,0.57708234,2.1002789,0.7665018,17
186,0.5766805,0.4159885,4.889434,0.81509495,18
187,0.98651856,0.7236985,3.0338717,0.7356409,19
188,0.18522935,0.6804928,3.9192247,0.59952193,20
189,0.0010519831,0.22916651,4.3312397,0.73568165,21
190,0.5670686,0.50376964,1.1795697,0.55479234,22
191,0.018003862,0.33399436,2.6455345,0.59596145,23
192,0.18028702,0.41358703,2.873713,0.83153534,0
193,0.41033113,0.591017,2.686374,0.9043412,1
194,0.3414033,0.3234405,1.4113265,0.8401204,2
195,0.17750196,0.061939623,4.3852406,0.79339325,3
196,6.3375344e-05,0.8557391,3.9446993,1.1326004,4
197,0.5311999,0.7924226,4.177497,0.51934576,5
198,0.020635009,0.65417045,1.8987263,0.86078596,6
199,0.19289905,0.35842738,2.9523752,0.62508655,7
200,0.6499658,0.52495146,3.9275818,0.7543026,8
201,4.3253487e-05,0.17465876,1.7226133,0.97224385,9
202,0.15491293,0.64771783,3.2508445,0.63339716,10
203,0.13071124,0.04000608,4.0845065,0.6487222,11
204,0.2546422,0.40379372,1.5015659,0.79635525,12
205,0.32357666,0.39746913,2.3925486,0.5723334,13
206,0.01589211,0.67645496,4.326391,0.7042006,14
207,0.0062271208,0.6709086,3.742583,0.9954148,15
208,0.08481513,0.3045785,4.4337497,0.63587093,16
209,0.0004461199,0.43428323,1.6139843,1.0194573,17
210,0.011022196,0.43473792,3.852129,0.7802297,18
211,0.045802526,0.6202154,2.180829,0.89171267,19
212,0.0023021211,0.7091938,3.9606225,1.0327686,20
213,0.88145316,0.35609305,4.212046,0.87539935,21
214,0.8080204,0.4833786,1.6799742,0.4677947,22
215,0.01192689,0.39442977,2.9702628,0.90682983,23
216,0.85192055,0.94604445,2.06835,0.75789225,0
217,0.017675899,0.27107352,2.2274373,0.6316377,1
218,0.17654593,0.6346953,1.5136981,0.5965304,2
219,0.69181466,0.06275428,4.7471924,1.207509,3
220,0.008362396,0.9291387,4.083255,0.83077437,4
221,0.008224608,0.7721674,3.8411846,1.0357617,5
222,0.00021815406,0.90980285,0.9964535,0.6846798,6
223,0.085983366,0.6188502,1.3857822,0.77730715,7
224,0.007559198,0.35411856,4.62937,0.7481069,8
225,0.040615328,0.3561473,1.9147785,0.9298413,9
226,0.06317075,0.33201066,3.6617093,0.8572774,10
227,0.4391418,0.028362287,3.907113,0.58265483,11
228,0.656342,0.4673529,1.7205383,0.9559124,12
229,0.02061564,0.24978757,2.1639159,0.75249606,13
230,0.78089684,0.5836544,4.05603,0.6708697,14
231,0.61139953,0.72974926,3.8407927,0.5304183,15
232,0.95713633,0.38899612,3.9164853,0.6642961,16
233,0.022135561,0.6149473,2.6530828,0.7112669,17
234,0.5969145,0.46420696,4.431779,0.8525122,18
235,0.19132465,0.7071481,2.5794635,0.6219296,19
236,0.00092449,0.8310061,4.2711024,0.9502355,20
237,0.86437035,0.4224567,3.7956822,0.63390726,21
238,0.56128293,0.8371124,2.0707066,0.48826855,22
239,0.251327,0.13486944,1.7763295,0.74403834,23
240,0.071347795,0.7338417,2.1144266,0.9417823,0
241,0.062269025,0.2543196,1.3289413,0.85492694,1
242,0.07711666,0.7681752,1.7604803,0.7389048,2
243,0.6451134,0.05854319,6.9062185,0.59086543,3
244,0.80749404,0.8577843,2.9614034,0.6109419,4
245,0.12063666,0.85073936,3.967362,1.125697,5
246,0.5689335,0.74827904,1.1629986,0.9872277,6
247,0.017113352,0.3722215,2.1407213,0.59606874,7
248,0.4689102,0.4475339,3.7880945,0.5794774,8
249,0.00050231133,0.35204378,1.5970743,0.64218163,9
250,0.25290385,0.5672878,3.114166,0.58370984,10
251,0.10747439,0.020950168,3.3906698,0.67521304,11
252,0.26260012,0.733844,1.1354849,0.7653696,12
253,0.08928315,0.1996953,2.6085153,0.6446844,13
254,0.23916112,0.76274496,2.8142967,0.8022285,14
255,0.0003222558,0.92949986,4.406134,1.2501519,15
256,0.005501056,0.39236248,2.667304,0.6293483,16
257,0.8643442,0.5768509,3.3202925,0.57015395,17
258,0.94802225,0.6302443,6.6652184,0.6466668,18
259,0.00672255,0.30507284,2.0842557,1.0014797,19
260,0.8485404,0.72455883,4.772474,0.6036761,20
261,0.12519754,0.4665791,3.3939645,0.7664807,21
262,0.9995912,0.66916806,2.0073338,0.54470915,22
263,0.0020374807,0.18501425,2.4101245,0.5383915,23
264,0.6167869,0.6706872,2.7142072,1.1282485,0
265,0.23961197,0.5395737,2.8123486,0.8231603,1
266,0.6713419,0.57257116,1.1022706,0.72876143,2
267,0.17735222,0.064650305,3.7745879,0.69898903,3
268,0.00078627525,0.55779886,3.652531,1.3067567,4
269,0.03365225,0.7145176,3.5392678,0.8719299,5
270,0.99959403,0.86517406,2.070366,0.664776,6
271,0.6444864,0.20147459,2.4420025,0.80091345,7
272,0.5065843,0.66758555,4.3014727,0.7861293,8
273,0.00015451653,0.3916242,1.5497859,0.91817224,9
274,0.45546013,0.41887206,3.583659,0.55603284,10
275,0.0048970194,0.030940913,3.418013,0.5097555,11
276,0.6478428,0.72030604,1.7572237,1.0092988,12
277,0.17136976,0.33985737,2.523301,0.756794,13
278,0.4728743,0.9154445,3.3361256,0.7856426,14
279,0.99581194,0.91369826,3.156791,0.6045691,15
280,0.6740222,0.38863578,4.575751,0.4982621,16
281,0.096133634,0.682932,3.5089219,0.66631734,17
282,0.12744038,0.51763374,4.543259,0.6928495,18
283,0.21204472,0.7283327,2.5046225,0.49100247,19
284,0.011712599,0.56161124,3.7792258,0.8093762,20
285,0.12992556,0.42203495,4.52186,0.63121146,21
286,0.9530931,0.47208485,2.1955702,0.4309733,22
287,0.7800985,0.280498,2.3596675,0.69793785,23
288,0.98792344,0.78550184,2.1193664,0.5674778,0
289,0.470461,0.5590561,2.5605848,0.70379466,1
290,0.4758082,0.6520594,0.9213627,0.9240412,2
291,0.43686295,0.08075504,4.6654544,0.90206987,3
292,0.99369425,0.78608805,4.969737,0.6025102,4
293,0.07983164,0.8624403,2.8365107,0.69440734,5
294,0.1524299,0.82522833,0.79848254,0.577851,6
295,0.7094328,0.2214745,2.448392,0.5516853,7
296,0.008219685,0.41619924,3.7762733,0.58254856,8
297,0.04809929,0.39989763,1.7793447,0.78968793,9
298,0.11266063,0.58915734,4.0926356,0.6820555,10
299,0.37672582,0.03143546,2.8145862,0.9381133,11
300,0.33194286,0.60923207,1.2337239,0.85434365,12
301,0.28550452,0.41389403,3.1874685,0.42708606,13
302,0.011339225,0.83631456,3.384522,0.7082177,14
303,0.31583327,0.8269831,4.146335,0.42870164,15
304,0.4197891,0.32721284,3.6775236,0.5955237,16
305,0.98509544,0.5593014,2.4168167,0.5429556,17
306,0.9617506,0.4923693,3.8278613,0.59527063,18
307,0.027404148,0.7246889,3.281573,0.8254529,19
308,0.05697859,0.7867842,4.306104,0.81744605,20
309,0.25350934,0.31931433,3.970541,0.8378816,21
310,0.7865012,0.65398085,1.3126488,0.59128445,22
311,0.44929302,0.22088262,2.040489,0.4912914,23
312,0.88915485,0.66435146,2.4131439,0.9458607,0
313,0.8937599,0.47921276,1.5169389,0.6191442,1
314,0.1651819,0.8541948,1.9455466,0.911973,2
315,0.44661117,0.054032277,4.760999,0.77606106,3
316,0.92241865,0.8763595,3.016381,0.68101734,4
317,0.014051182,0.866461,2.7993584,0.6394303,5
318,0.046862844,0.7796069,1.1395668,0.6679045,6
319,0.017323636,0.5000107,2.400668,0.46695575,7
320,0.043532744,0.4271622,3.756997,0.5290996,8
321,0.9857158,0.6537961,2.8618643,0.803085,9
322,0.46646395,0.49354026,3.81596,0.5685705,10
323,0.02029485,0.05328243,4.435543,0.550054,11
324,0.3155158,0.62441623,0.9554964,0.7952377,12
325,0.98947936,0.31479365,2.4260244,0.4928486,13
326,0.041347884,0.73280704,3.6969864,0.8663564,14
327,0.000997819,0.6509217,3.8042603,0.96061355,15
328,0.8910371,0.49622113,4.860299,0.7675037,16
329,0.11167248,0.6703406,3.0091653,0.79191184,17
330,0.029583009,0.46674696,3.9239774,0.7541061,18
331,0.99159545,0.8800466,3.1358342,0.44461998,19
332,0.0005434505,0.51582086,4.910126,0.85125476,20
333,0.05271852,0.45700002,4.0383263,0.9628751,21
334,0.00021202338,0.69138104,1.4834739,0.91108,22
335,0.013691809,0.28166544,3.4283352,0.5277381,23
336,0.01445925,0.87451714,1.9411911,0.87645406,0
337,0.12960228,0.3131909,1.6359076,0.75389254,1
338,0.24788643,0.84928185,1.2045146,0.7923549,2
339,0.58848226,0.064309165,4.595938,1.099812,3
340,0.91349787,0.765066,3.8277469,0.74059486,4
341,0.0057596373,0.7522631,2.8674388,0.8547482,5
342,0.36394253,0.8930745,0.96535355,0.624929,6
343,0.055519275,0.67249596,3.5158567,0.6366107,7
344,0.002577906,0.46311226,3.7677264,0.88938683,8
345,0.25895417,0.38923436,2.3993394,1.0686045,9
346,0.33882648,0.6370529,3.0130358,0.7697542,10
347,0.04554934,0.02970994,3.419731,0.65121365,11
348,0.592073,0.7224054,1.8099298,1.0306301,12
349,0.8998681,0.29591984,2.664138,0.46554404,13
350,0.05230068,0.75273424,3.6701455,0.5477073,14
351,0.5379057,0.82922447,3.3940725,0.9290656,15
352,0.38564518,0.4404382,3.4532382,0.82814074,16
353,0.0056766137,0.30575007,2.016297,0.70064336,17
354,0.96529627,0.5393154,4.8980627,0.8167266,18
355,0.58338827,0.83853596,3.023604,0.5172097,19
356,0.99860495,0.7850329,3.722123,0.4385999,20
357,0.048681207,0.4827589,4.384009,0.88339716,21
358,0.2899013,0.6683137,1.336442,0.68877935,22
359,0.00086711504,0.2683668,2.405753,0.5105101,23
360,0.7150248,0.90801406,1.5230651,0.56881523,0
361,0.9964993,0.5158349,1.4005592,0.5375366,1
362,0.011286403,0.23903586,1.0578557,0.7327299,2
363,0.1531035,0.07511264,5.9052186,0.6357149,3
364,0.0014394637,0.8048718,3.6291993,0.7793706,4
365,0.49877635,0.7113096,2.5714955,0.5883343,5
366,0.0006225568,0.24827963,0.6329543,0.76474714,6
367,0.16195588,0.3327489,2.5370622,0.8025228,7
368,0.5487896,0.41916054,3.3538833,0.49418414,8
369,0.0028479754,0.519341,2.0272186,0.7460557,9
370,0.019699017,0.54919314,2.9492953,0.6395945,10
371,0.8453057,0.019723503,5.055953,0.6448903,11
372,0.20696138,0.79373914,1.5887792,1.2331153,12
373,0.6529678,0.2872537,2.2119412,0.48990494,13
374,0.45487884,0.8267806,3.5997653,1.285476,14
375,0.9244557,0.7932004,3.2918816,0.7662778,15
376,0.7359723,0.4558603,4.105695,0.8967841,16
377,0.68915534,0.74553305,3.0264306,0.7649152,17
378,0.0024739879,0.46161002,3.7148309,0.5974495,18
379,0.20220755,0.56772184,1.669153,0.6013103,19
380,0.993246,0.7259278,5.0611587,0.31447613,20
381,0.6885817,0.47917807,2.4130223,0.65706086,21
382,0.00039668562,0.40617007,0.77740186,0.73484623,22
383,0.013183509,0.13668245,2.865536,0.8225841,23
384,0.00022917041,0.7161307,2.303885,0.77241886,0
385,0.9630611,0.6284984,2.270288,0.8446517,1
386,0.036236797,0.17065771,1.2334734,0.85143006,2
387,0.66049075,0.06804895,4.114471,0.8107542,3
388,0.6526236,0.8056824,4.4281645,0.8441752,4
389,0.16312537,0.76712465,3.0281174,0.793418,5
390,0.99759334,0.7372608,0.6738633,0.5263682,6
391,0.9491919,0.5416028,2.7437158,0.7463351,7
392,0.00014902723,0.41382775,4.178089,0.6995651,8
393,0.0011461759,0.61429507,1.4312503,0.5734138,9
394,0.9089173,0.23523991,3.125954,0.6676017,10
395,0.013213492,0.025867317,2.832673,0.9405931,11
396,0.41812718,0.7139795,1.136697,0.85105747,12
397,0.044387825,0.34075463,2.2496948,0.8406079,13
398,0.040589288,0.7366224,4.378543,0.65196985,14
399,0.96539694,0.780215,4.5257792,0.78293353,15
400,0.008148695,0.40364027,3.6305215,0.691237,16
401,0.003034859,0.5011412,2.7805636,0.9089339,17
402,0.96957546,0.5482439,4.678194,0.6075201,18
403,0.7835955,0.6251972,2.4684079,0.9255839,19
404,0.016508378,0.7002558,4.946977,0.67787397,20
405,0.010607052,0.25397393,2.9896564,0.9155941,21
406,0.9956825,0.71428084,0.9913595,0.61763304,22
407,0.17348853,0.31432083,1.7220647,0.6363586,23
408,0.52675116,0.87741286,1.8026948,0.7197864,0
409,0.554626,0.63722783,2.1173105,0.8432167,1
410,0.83695865,0.86491567,1.51914,1.0049005,2
411,0.72603714,0.05680335,5.3976536,1.017003,3
412,0.0019775124,0.9060924,4.693393,0.81917495,4
413,0.028123662,0.48585695,1.9510787,0.58511764,5
414,0.5950181,0.46755353,0.635112,0.45918468,6
415,0.5098303,0.5133374,2.454882,0.53069144,7
416,0.0034054448,0.55117893,4.2764654,0.69337106,8
417,0.0030397263,0.596472,1.8754184,0.9764696,9
418,0.7458826,0.4813762,3.35189,0.64577633,10
419,0.00854152,0.014948181,2.6690311,1.2527382,11
420,0.52642065,0.54940796,1.4920669,1.0083089,12
421,0.95514274,0.45700628,3.3833919,0.46776575,13
422,0.09258381,0.71534365,4.574737,0.6410408,14
423,2.9461926e-06,0.8114182,3.2621493,0.93718004,15
424,0.0522671,0.29990762,4.529982,0.87758064,16
425,0.009759809,0.5986388,2.9820573,0.98230875,17
426,0.00010760989,0.5940306,4.455689,0.7884531,18
427,0.21663275,0.70515966,2.8421478,0.80922776,19
428,0.0001766107,0.7913258,4.2197337,0.8449152,20
429,0.6798827,0.41173717,3.362049,0.7744232,21
430,0.90716505,0.59491503,1.0183622,0.25563908,22
431,0.23263706,0.4134898,3.1043453,0.913689,23
432,0.05436413,0.84476024,3.609166,0.76242864,0
433,0.018233404,0.46089602,2.1310723,0.6442416,1
434,0.13140234,0.65051657,1.5915228,0.85733324,2
435,0.8724051,0.056127544,5.452853,0.92541933,3
436,0.28404894,0.5708704,2.8272576,0.7641396,4
437,0.0032168436,0.71000767,2.8244712,0.56398726,5
438,0.05379865,0.77212185,0.9508598,0.58790404,6
439,0.4213701,0.36710745,2.268664,0.74091566,7
440,0.017626958,0.55742395,3.8794918,0.65718603,8
441,0.31401083,0.6675953,1.9500182,0.731476,9
442,0.51903677,0.63481253,4.1008873,0.8663224,10
443,0.08286707,0.038611125,4.2364516,0.5114017,11
444,0.3753438,0.6989677,1.323349,0.9397703,12
445,0.98288745,0.38640177,2.5696087,0.56151557,13
446,0.27773955,0.72692347,3.693707,0.6350147,14
447,0.49964774,0.8782672,4.330947,0.9645159,15
448,0.00085892313,0.46945894,2.9395585,0.7898661,16
449,0.05088543,0.4115233,1.2298919,0.8460698,17
450,0.4286094,0.5859443,4.417407,0.89601135,18
451,0.46615586,0.78087825,3.0779657,0.7981726,19
452,0.037821285,0.70418406,4.412365,0.67632407,20
453,0.42084393,0.39299208,3.8208148,0.6015689,21
454,0.005393659,0.6951498,1.6413639,1.0840809,22
455,0.0482527,0.39069772,3.1549978,0.871158,23
456,0.16702417,0.78688675,1.7133424,1.0390989,0
457,0.6704425,0.43388268,1.4959897,0.79251504,1
458,0.38355124,0.7183271,2.3504636,0.7004287,2
459,0.23189065,0.07092594,5.803292,0.5997721,3
460,0.00010040035,0.81373334,4.7794313,0.79934186,4
461,0.025102692,0.8233385,2.305866,0.8181746,5
462,0.003505057,0.44621366,1.0476662,0.8698361,6
463,0.013106139,0.6122423,2.3937998,0.7098414,7
464,0.008205563,0.4620631,4.622605,0.79566276,8
465,0.23972662,0.5339007,1.9957712,0.73113745,9
466,0.30690664,0.411384,3.2064729,0.58213735,10
467,0.5832205,0.03648837,3.7414446,0.6873776,11
468,0.23284633,0.47640824,0.891624,0.77511775,12
469,0.7017199,0.4968615,4.272566,0.59156644,13
470,0.15746391,0.6438143,3.1993775,0.66529346,14
471,3.800016e-05,0.8012532,3.5203397,0.7518432,15
472,0.37107798,0.31701252,4.241681,0.6715277,16
473,0.20652838,0.71403277,2.3549829,0.6414442,17
474,0.00017254935,0.46108714,4.9169464,0.54368347,18
475,0.005116394,0.7649741,3.387575,0.68133503,19
476,0.09539372,0.6347001,4.1577363,0.75621194,20
477,0.31515494,0.37786707,4.455391,0.5487623,21
478,0.99448943,0.48837355,2.3674824,0.5621042,22
479,0.77951616,0.28363788,2.608616,0.70231223,23
480,0.9998103,0.63242555,2.0882888,0.6154032,0
481,0.93416995,0.8063041,2.57468,0.68527454,1
482,0.04950723,0.13944507,1.4307663,0.69081044,2
483,0.67551166,0.050059926,6.5165,0.8170846,3
484,0.075982824,0.94661224,3.8045928,1.2652807,4
485,0.27373692,0.7735217,3.1409237,0.6544128,5
486,0.9999989,0.9622054,1.4166194,0.5925996,6
487,0.17182036,0.16374855,1.4747642,0.874801,7
488,0.16093497,0.6452288,3.915305,0.46780857,8
489,0.07656085,0.54952437,1.6549911,0.81435716,9
490,0.7315239,0.42887983,2.924439,0.63502675,10
491,0.1750465,0.038390305,3.721553,0.56867224,11
492,0.22146538,0.49993145,1.399107,0.66028106,12
493,0.7418816,0.3110549,2.447944,0.46057153,13
494,0.8931777,0.92049104,4.1988153,0.8186063,14
495,0.9971938,0.68709695,4.2534666,0.49012345,15
496,0.07983552,0.34780452,4.411781,0.7132221,16
497,0.18865138,0.5334967,2.6478338,0.602308,17
498,0.99944395,0.41290826,5.293839,0.6335348,18
499,0.26640356,0.70939463,2.261667,0.6926248,19
500,0.107658826,0.692642,4.7976003,0.6343022,20
501,0.357181,0.36924607,4.412401,0.8639899,21
502,0.9694755,0.63856465,1.7549355,0.3838614,22
503,0.99671704,0.2967111,2.4889133,0.6837554,23
504,0.9987388,0.66613746,2.7901077,0.9156356,0
505,0.80017245,0.60865897,2.346429,0.5614908,1
506,0.19107069,0.5340918,0.88424927,0.9253221,2
507,0.5220737,0.054110803,5.389632,0.9574825,3
508,0.99995255,0.93508667,4.115754,0.8781632,4
509,0.94375896,0.8823964,3.702645,0.7055825,5
510,0.8166953,0.59078324,0.9247817,0.85027045,6
511,0.731934,0.5353441,2.4147353,0.6601709,7
512,0.002780313,0.3928792,4.122443,0.6909785,8
513,0.99845946,0.24484886,1.7948248,0.6661132,9
514,0.81127673,0.67452264,4.264784,0.66582704,10
515,0.012272275,0.03198412,3.2047389,0.5974401,11
516,0.5264045,0.43020242,2.0594223,1.1832573,12
517,0.21948317,0.47898522,4.052817,0.8183748,13
518,0.67195314,0.87065685,2.5372326,1.0453839,14
519,0.98548824,0.8623776,3.4464216,0.5829488,15
520,0.029682662,0.44815585,3.7167087,0.78276783,16
521,0.08998351,0.55866915,2.243813,0.50322586,17
522,0.016443146,0.53545606,4.643302,0.9480102,18
523,0.011685496,0.5842194,2.7683184,0.7428211,19
524,0.013442058,0.64487505,4.242426,0.6192617,20
525,0.40147775,0.30459148,3.4271562,0.5326751,21
526,0.0056916843,0.36489126,1.4262178,0.7083746,22
527,0.108577736,0.2939456,3.2438636,0.6074553,23
528,0.7641203,0.74204564,1.3450854,0.58114874,0
529,0.16086832,0.2406047,2.0924988,0.96074903,1
530,0.51580703,0.54897326,1.3173633,1.1878479,2
531,0.5897069,0.052134905,5.944939,0.84309286,3
532,0.15157554,0.7275779,2.388114,0.79631066,4
533,0.0071720863,0.78229594,3.0083566,0.7407962,5
534,0.009683436,0.9076916,1.4639664,1.0605776,6
535,0.7740075,0.7151165,3.074049,0.90660834,7
536,0.013750659,0.420607,4.75501,0.75621235,8
537,0.7717842,0.42235547,2.2482285,0.7167334,9
538,0.24839784,0.44572213,2.6281142,0.8082318,10
539,0.051494688,0.020263469,3.172162,0.7758152,11
540,0.28486988,0.38074088,0.86588925,0.86600834,12
541,0.042181768,0.31313434,2.3785381,0.9843087,13
542,0.9597279,0.7810842,3.8468447,0.6778711,14
543,0.002652729,0.86569464,4.8209295,0.6207159,15
544,0.99248147,0.5615272,5.5663986,0.55096036,16
545,0.7852272,0.60829544,2.9234862,0.7186449,17
546,0.11973075,0.5078564,4.380906,0.67050487,18
547,0.055586815,0.68028307,1.3312039,0.9029294,19
548,0.08314166,0.56693894,3.5765624,0.7159033,20
549,0.0072023747,0.5238021,4.5428615,0.8740716,21
550,0.21080466,0.6016325,1.9753659,0.6100459,22
551,0.8342355,0.314103,2.6406083,0.9936224,23
552,0.12105383,0.8532318,2.796043,0.8474513,0
553,0.8313071,0.611677,2.1159112,0.8838905,1
554,0.257344,0.6333822,1.2000422,0.6567574,2
555,0.52896,0.07271404,4.5817432,0.74191236,3
556,0.096047655,0.8332497,5.0058975,0.8289732,4
557,0.0042891284,0.8856449,2.2541766,0.5959288,5
558,0.5887754,0.8678666,1.1471481,0.7868812,6
559,0.6977457,0.37906143,2.099611,0.64931417,7
560,0.61379665,0.3669614,5.5714827,0.73152304,8
561,0.44490382,0.6206495,1.9719682,0.7616008,9
562,0.013170196,0.562412,2.992138,0.6558939,10
563,0.885267,0.036016583,4.934393,0.67682946,11
564,0.31418344,0.21999024,1.0729958,0.8432661,12
565,0.7133822,0.1823709,2.1966617,0.53519225,13
566,0.005287776,0.6301525,3.3355591,0.87215096,14
567,0.00060769153,0.8322747,3.533245,0.8663542,15
568,0.79775107,0.4640921,3.3629634,0.7230946,16
569,0.013434062,0.56992954,2.9401839,0.73904777,17
570,0.024277983,0.50851494,5.025771,0.6806189,18
571,0.0075521967,0.5735183,2.102885,0.9611249,19
572,0.99829394,0.5857758,4.3082905,0.44325507,20
573,0.9969439,0.41913244,2.8827038,0.4867749,21
574,0.18615092,0.8143787,1.3609921,0.8745322,22
575,0.016142804,0.3636981,2.4214647,0.43639916,23
576,0.18213907,0.8056592,2.162701,0.4845892,0
577,0.53288573,0.6674959,3.6827998,0.7637984,1
578,0.59526056,0.9337247,0.9955832,0.50561285,2
579,0.14552103,0.058973696,3.974029,0.65116817,3
580,0.013813118,0.8408268,3.7395592,0.6326637,4
581,0.7136298,0.8804111,4.829222,0.6041417,5
582,0.35189307,0.4737041,0.84619856,0.5791019,6
583,0.06676165,0.49101853,1.9051646,0.67691416,7
584,0.0029982647,0.4337801,4.4876328,0.7304391,8
585,0.6771337,0.76664805,1.6708272,0.91792196,9
586,0.8049943,0.59988505,2.8630452,0.65142936,10
587,0.08596568,0.02259337,2.724159,0.82190126,11
588,0.4816334,0.7419028,1.1640002,0.95580494,12
589,0.073450625,0.28284547,2.3541381,0.60753536,13
590,0.052565422,0.6664411,4.1891623,1.1661922,14
591,0.37884185,0.8104609,3.956262,0.57644737,15
592,0.85707957,0.3292241,3.7979121,0.50894743,16
593,0.00055295334,0.4609936,2.8959062,0.89307255,17
594,0.019233063,0.4299364,5.4419956,0.64094615,18
595,0.70779294,0.33315513,2.4220083,0.7446171,19
596,0.19886269,0.72123706,4.989759,0.60613805,20
597,0.15902129,0.29844472,3.778939,0.926347,21
598,0.007927531,0.55038834,1.2914366,1.0715127,22
599,0.10188906,0.182232,2.8077254,0.46158698,23
600,0.0016559574,0.8239722,1.2785797,0.80224454,0
601,0.0019745305,0.43994007,2.6891847,0.7343588,1
602,0.81933993,0.7563004,1.212066,0.60779387,2
603,0.45991507,0.059172716,5.8779345,1.0337546,3
604,0.12171544,0.9249277,5.2709584,0.8373782,4
605,0.025453122,0.81263167,2.2298982,0.9513358,5
606,0.06974089,0.26885512,1.0563382,0.893249,6
607,0.49664694,0.3477468,2.8096106,0.76630443,7
608,0.2839116,0.47903335,4.6000667,0.7775923,8
609,4.684572e-05,0.23996219,2.1712556,0.75302774,9
610,0.21826422,0.5039615,3.5893617,1.5181714,10
611,0.16986375,0.021886371,3.9392133,0.6051546,11
612,0.3080559,0.5749124,0.86740136,0.7076819,12
613,0.65516806,0.33416688,2.615758,0.7807806,13
614,0.011061274,0.65698314,3.212874,0.80513346,14
615,0.018062793,0.8335669,2.94112,0.63211447,15
616,0.2862198,0.34523332,3.9482596,0.6248867,16
617,0.7044925,0.47403422,2.2055597,0.6208227,17
618,0.017991634,0.47418052,5.760992,0.7560966,18
619,0.36233872,0.70996433,2.8755789,0.7780162,19
620,0.029809672,0.63038117,4.1749787,0.62735534,20
621,0.0069315312,0.3518876,3.9552474,0.7972982,21
622,0.7360445,0.62511045,1.7861607,0.668625,22
623,0.0004116397,0.20011505,2.3974767,0.6161499,23
624,0.0017064575,0.4788157,2.4418652,1.0053296,0
625,0.22260152,0.34989777,2.1475508,0.9580637,1
626,0.53374225,0.8513821,1.878944,0.8550921,2
627,0.45840812,0.060193516,4.6576705,0.85732913,3
628,0.9750633,0.86058336,3.6137443,0.8413439,4
629,0.50524443,0.91564673,3.2721906,0.80197966,5
630,0.023463018,0.98802024,0.95202625,0.7120029,6
631,0.061527714,0.5608421,2.3089423,0.78261805,7
632,0.003307741,0.40031672,3.267741,0.6517041,8
633,0.99051076,0.89212966,2.7511845,0.8802021,9
634,0.025514755,0.7139148,3.6907089,0.5760106,10
635,0.09563933,0.025708487,4.204171,0.7018622,11
636,0.41292524,0.48753572,1.4702194,1.0481873,12
637,0.0014227938,0.36757666,3.3664916,0.94416445,13
638,0.2501311,0.813024,4.172151,1.1477737,14
639,0.5153744,0.87054074,4.097161,0.77297753,15
640,0.2590928,0.3474244,4.024643,0.93990153,16
641,0.9996668,0.5605833,3.122835,0.6333511,17
642,0.0122059705,0.63425547,4.828562,0.84060717,18
643,0.9771354,0.72004455,2.4628255,0.81652886,19
644,0.23693961,0.72985196,3.8581443,0.55086035,20
645,0.9719365,0.32432655,3.781426,0.5078801,21
646,0.34929788,0.42296124,2.29368,0.77139795,22
647,0.00061065523,0.16250284,2.2976036,0.58842504,23
648,0.9255712,0.81266505,1.5315336,0.6855127,0
649,0.397389,0.2914843,3.1106088,0.5533568,1
650,0.12580194,0.52674705,2.126769,0.6829562,2
651,0.23749763,0.09812335,4.728445,0.87053484,3
652,0.1184405,0.94217044,4.135711,0.92860794,4
653,0.52875847,0.8050182,3.5245678,0.64755374,5
654,0.9334065,0.80299795,1.0005046,0.4823573,6
655,0.013595253,0.5564018,2.5516963,0.70047426,7
656,0.010771436,0.4523133,4.3551855,0.966041,8
657,0.9865078,0.75535613,1.441111,0.7377604,9
658,0.5325805,0.47512373,2.5058057,0.6025318,10
659,0.64179647,0.022269445,3.4026175,0.6790836,11
660,0.33861881,0.31448373,1.0220132,0.89416236,12
661,0.12751962,0.31756315,3.265162,0.6747943,13
662,0.018713808,0.75965536,4.6915555,0.6591448,14
663,0.005058052,0.89050674,3.1156588,0.80976903,15
664,0.90237373,0.4694619,5.019694,0.5697305,16
665,0.9987073,0.5965659,2.0702353,0.6464921,17
666,1.2664221e-05,0.4975079,4.922038,0.8360156,18
667,0.8966863,0.78714114,3.097754,0.63507485,19
668,0.81560457,0.5569637,3.899901,0.73099685,20
669,0.0010059357,0.32439193,2.7239776,0.70233476,21
670,3.648532e-06,0.7496858,1.9422067,1.5643089,22
671,0.028501587,0.2238507,2.1246984,1.0574162,23
672,0.13413198,0.5452676,1.8955598,0.7180223,0
673,0.7639071,0.6598043,1.6768274,0.88390404,1
674,0.13646008,0.7461768,1.5829127,0.6718525,2
675,0.48239046,0.068205185,6.0118504,0.7427455,3
676,0.0039617186,0.87630725,5.019965,1.1288152,4
677,0.07928358,0.8273898,2.6363113,0.78791374,5
678,0.9879516,0.5371167,1.0837184,0.83283037,6
679,0.15005733,0.3365565,1.8435925,0.62517434,7
680,0.11299384,0.25961173,4.028431,0.70746547,8
681,0.10122383,0.59524536,2.793913,0.46091795,9
682,0.005714831,0.27852005,3.209681,0.81889564,10
683,0.06336715,0.023938615,3.4038663,0.7439313,11
684,0.26991162,0.6678455,1.7680138,0.8622089,12
685,0.8959013,0.34964904,2.7411265,0.7526808,13
686,0.0062106797,0.5544136,3.5250483,1.0292548,14
687,0.17711772,0.7511377,3.4197125,0.7548061,15
688,0.0077746343,0.46836373,3.7939289,0.953762,16
689,0.009452318,0.4852664,3.2078547,0.768934,17
690,0.023816187,0.6856951,4.69835,0.6995524,18
691,0.1614087,0.7210686,3.4804223,0.7909792,19
692,0.9788942,0.80864537,5.24297,0.44390056,20
693,0.002353562,0.3170455,2.8699498,1.0490999,21
694,0.99764854,0.78044266,1.8522987,0.4076505,22
695,0.10138695,0.17795528,2.2954695,0.79472536,23
696,0.00010090203,0.56659615,1.368582,0.7801965,0
697,0.0018809878,0.6599552,2.3602312,1.0690883,1
698,0.09086831,0.584092,1.2886947,0.71972084,2
699,0.52795905,0.06574506,5.8782954,0.7009145,3
700,0.0018235345,0.96076024,5.258423,1.2422023,4
701,0.017322915,0.95156157,3.9342766,0.97410965,5
702,0.0010236576,0.2609313,1.0727713,0.8044187,6
703,0.007080085,0.5492861,2.6472137,0.6738962,7
704,0.004059353,0.3211091,4.2049165,0.6255646,8
705,0.058322556,0.7036473,2.336953,0.5270859,9
706,0.02168296,0.5013079,2.7305903,0.88917625,10
707,0.054486755,0.024570031,3.277929,0.55023694,11
708,0.5090146,0.54883236,1.079673,0.8192307,12
709,0.005819364,0.3174457,2.828076,0.597715,13
710,0.9695273,0.8731543,3.4102988,0.53948706,14
711,0.007100952,0.782761,3.5558434,1.2392081,15
712,0.06756561,0.43237808,3.8259268,1.2583,16
713,3.7759904e-07,0.5337833,2.5754294,1.0785629,17
714,0.21306981,0.48064265,5.304699,0.70393455,18
715,0.00398486,0.45502895,3.266759,0.73758906,19
716,0.008804873,0.7080039,3.5902033,0.5927164,20
717,0.027372394,0.52291614,3.824029,0.7575425,21
718,6.476806e-05,0.6946871,2.0483937,1.0552435,22
719,0.0006368673,0.4801058,3.342946,0.6231103,23
720,0.00078195607,0.9074784,1.8057399,0.73875296,0
721,0.18246841,0.17173159,2.352995,0.62870985,1
722,0.76121813,0.6969785,1.2314472,0.7363386,2
723,0.184178,0.085135974,4.115192,0.9633854,3
724,0.0019828982,0.71579856,3.1508074,1.2470069,4
725,0.9856727,0.9405294,3.968971,0.7006008,5
726,0.0047820755,0.5954326,1.2145294,0.76486796,6
727,0.26979527,0.3242829,1.7620362,0.72168577,7
728,0.99638855,0.5346799,3.394538,0.5219651,8
729,0.98403823,0.5935839,1.7034833,0.4938382,9
730,0.7094195,0.66068506,3.3472362,0.46118796,10
731,0.26537812,0.014477914,2.578509,0.5548607,11
732,0.3262034,0.39275047,1.9328454,1.0635115,12
733,0.0020689769,0.4344019,2.6951396,0.6909224,13
734,0.03770435,0.57342553,3.472506,1.0126784,14
735,0.0039358875,0.8405911,4.263538,0.907871,15
736,0.38962147,0.34138155,3.6150436,0.69666195,16
737,0.994873,0.64221996,2.1881037,0.5733017,17
738,0.27160108,0.5286035,5.1136594,0.6356546,18
739,0.44546303,0.8526702,2.9526858,0.69174004,19
740,0.1623912,0.5981448,3.8262787,0.5922882,20
741,0.23102698,0.43884787,3.0080142,0.9606544,21
742,0.0042778086,0.6570482,1.6917162,0.83403504,22
743,0.0067531215,0.44422513,3.4422925,0.64376897,23
744,0.858309,0.51607364,1.6953175,0.5825979,0
745,0.30353516,0.3026325,1.9182916,0.8808048,1
746,0.39766884,0.9319822,1.3730762,0.5490711,2
747,0.26030806,0.06294725,5.7820935,0.64381206,3
748,0.9963791,0.7658345,3.9998693,0.89792264,4
749,0.01645738,0.6981236,3.2614038,0.67713326,5
750,0.9954768,0.85495186,0.8186119,0.6005114,6
751,0.007395033,0.41060543,1.950673,0.7933583,7
752,0.1672314,0.5856087,4.0784593,0.64709294,8
753,0.0015439544,0.38132298,1.5131079,0.9592508,9
754,0.28725344,0.5194157,4.0827,0.56730145,10
755,0.8260657,0.014200889,4.964737,0.50849223,11
756,0.25120384,0.38210863,1.2789489,0.68438077,12
757,0.07681685,0.31765714,2.939731,0.61224735,13
758,0.4188099,0.78741693,4.4175396,0.84524745,14
759,0.0012462444,0.731686,3.6876848,1.0510175,15
760,0.0056389584,0.47462684,4.1094003,0.6068348,16
761,0.64342195,0.6641694,2.9459472,0.56571174,17
762,0.9996728,0.6234356,3.1691585,0.39452893,18
763,0.049055096,0.5440524,1.647531,0.82631916,19
764,0.6574164,0.75786513,4.1273437,0.7663274,20
765,0.18051581,0.28767702,2.757386,0.69599235,21
766,0.0015437889,0.6825181,1.6706167,1.4442313,22
767,0.8200486,0.24208681,2.372353,0.80115855,23
768,0.00037675857,0.7768838,2.2639592,1.3272642,0
769,0.505385,0.48858455,2.660452,0.7641741,1
770,0.024331408,0.7769566,1.3746501,0.86160415,2
771,0.38745612,0.10048284,4.924388,0.78488976,3
772,0.9998926,0.75972223,3.3715203,0.5871524,4
773,0.3699191,0.5263713,2.4466062,0.52881175,5
774,0.14622837,0.68938476,1.3765539,0.87424827,6
775,0.5590609,0.20267801,1.5999331,0.7120901,7
776,0.45230404,0.5237532,3.9861534,0.7234249,8
777,0.96392393,0.38996562,1.8003185,0.6757209,9
778,0.30877775,0.6226288,3.3412936,0.63402265,10
779,0.034596343,0.019803131,4.1791143,0.6745345,11
780,0.509008,0.55491084,0.803722,0.8292332,12
781,0.7545554,0.4278628,3.168433,0.69403017,13
782,0.1334368,0.6701631,3.9626791,1.0012558,14
783,0.9939482,0.84445155,3.5295982,0.69876873,15
784,0.94820976,0.37444723,5.199056,0.5053002,16
785,3.054438e-05,0.66958135,2.2865143,0.84243596,17
786,0.008905288,0.6442393,4.913495,0.5637508,18
787,0.09507494,0.54091763,1.5836959,0.63344246,19
788,0.033175256,0.7850849,5.150046,0.76179457,20
789,0.7434056,0.35371512,3.1035569,0.85453814,21
790,0.66681814,0.67573965,1.2782139,0.7066626,22
791,0.0011061877,0.26890934,2.8289568,0.664937,23
792,0.09281578,0.12870243,2.5179968,0.810743,0
793,0.64113605,0.4187066,2.7744923,0.6814419,1
794,0.36493304,0.78420943,1.4619739,0.7270496,2
795,0.26280802,0.052436557,5.4626803,0.8220324,3
796,0.31383595,0.8492411,4.4005127,0.5068166,4
797,0.017042449,0.7909472,3.134623,0.7182838,5
798,0.6286014,0.5690061,0.8435712,0.64793146,6
799,0.32400957,0.56342506,3.656849,0.70618474,7
800,0.03349044,0.32396212,3.9834719,0.89229316,8
801,0.9939036,0.41463983,2.5927048,0.9342932,9
802,0.014324449,0.48675436,3.297691,0.8803344,10
803,0.04087032,0.04270627,4.1997213,0.75331783,11
804,0.37605795,0.25570297,1.8039639,1.0462236,12
805,0.44813508,0.47665656,2.2226503,0.706175,13
806,0.7302245,0.5937983,3.5593913,0.5920768,14
807,0.0022889716,0.69783974,3.9058688,0.90127856,15
808,0.4801136,0.4501271,3.0944352,0.986424,16
809,0.8230136,0.45367762,2.7129343,0.55895555,17
810,0.0367721,0.6958191,5.7934957,0.7954917,18
811,0.023225108,0.6513758,2.4224412,0.7312182,19
812,0.40107864,0.74877,4.377237,0.6685037,20
813,0.00019411967,0.43368638,4.117672,1.3861097,21
814,0.87985677,0.6011209,1.9453542,0.6898426,22
815,0.03934234,0.3208459,2.3599443,1.1403699,23
816,0.51469046,0.83366233,2.4122946,0.5944033,0
817,0.107580684,0.288369,1.9514244,0.80309486,1
818,0.036692053,0.20505099,0.81173074,0.6768421,2
819,0.4970426,0.060727436,5.1736064,0.71053684,3
820,0.076670825,0.7585475,5.1039104,1.2330076,4
821,0.16414644,0.89799577,3.4115963,0.6491434,5
822,0.001875932,0.934898,0.902409,1.016357,6
823,0.023195455,0.288845,1.9025216,0.73217106,7
824,0.96838677,0.6073911,3.9577675,0.67116356,8
825,0.002003502,0.6727138,3.2578561,1.0136379,9
826,0.26685145,0.68861866,2.9432278,1.0651033,10
827,0.0015612518,0.04577856,3.6853848,0.862438,11
828,0.37742436,0.3175964,1.7035625,0.6574029,12
829,0.003290947,0.42400843,2.2633166,0.7541089,13
830,0.36323145,0.82680476,4.389886,0.7352069,14
831,0.0028973552,0.7140281,2.6816332,0.7485678,15
832,0.42570007,0.34381202,3.6003938,0.7225165,16
833,0.028250528,0.7182998,2.1681044,0.7024285,17
834,0.70210093,0.5870915,5.1695232,0.42015848,18
835,0.032999158,0.6333648,3.1187453,0.7289255,19
836,0.3820612,0.43484876,4.5493884,0.5842692,20
837,0.27676752,0.300142,3.5199332,0.8618439,21
838,0.23914026,0.85622764,1.8696282,0.68426484,22
839,0.56825435,0.29950377,2.3185966,0.46754658,23
840,0.27024874,0.8407761,1.6596614,0.896722,0
841,0.009447225,0.5649156,2.937826,0.4758425,1
842,0.017034734,0.35400876,1.9891188,0.89334834,2
843,0.16945969,0.09106985,4.8735805,0.7576233,3
844,0.028498597,0.83941793,5.264307,0.53003365,4
845,0.01963156,0.714936,3.3001132,0.5477334,5
846,0.65065885,0.7818009,1.0712513,0.58132666,6
847,0.01901729,0.37352934,1.2952769,0.86015916,7
848,0.0044163843,0.45422485,4.528819,0.89170665,8
849,0.28715932,0.5597865,1.6130488,0.9395131,9
850,0.008150402,0.34538695,2.80414,0.86307263,10
851,0.057403035,0.022022527,3.2026455,0.51529807,11
852,0.26601982,0.14905618,1.0873157,0.97056234,12
853,0.011497923,0.35807925,2.8660755,0.7244957,13
854,0.006374244,0.72031313,3.4306395,0.81153286,14
855,0.12867635,0.84620893,3.7842836,0.8379624,15
856,0.83157575,0.35356677,4.0590987,0.42816028,16
857,0.9926232,0.44860938,2.9332633,0.7806751,17
858,0.23595893,0.50625,5.3460646,0.83333224,18
859,0.44654962,0.70501256,2.4994535,0.5371242,19
860,0.16330056,0.6924837,4.1691694,0.6410277,20
861,0.6940016,0.49883625,3.6766675,0.71740305,21
862,0.11284473,0.36290762,1.320361,0.9225834,22
863,0.09084011,0.09809187,2.5964856,0.616809,23
864,0.79984945,0.66294646,2.1397295,0.6007603,0
865,0.76418716,0.49360305,1.7988514,0.6415335,1
866,0.046441313,0.2167185,1.4758991,0.87523234,2
867,0.16146037,0.07130085,4.5212364,0.604584,3
868,0.0066369427,0.8923091,3.8214383,0.59000444,4
869,0.24855588,0.79440624,3.6149354,0.578002,5
870,0.02459288,0.88812,1.8765379,0.6766126,6
871,0.062240962,0.2565334,2.0187721,0.7188675,7
872,0.77855676,0.5518568,5.3837495,0.569179,8
873,0.1303386,0.5423217,1.9118458,1.0590602,9
874,0.25162783,0.4393095,2.5938609,0.74474967,10
875,0.06482306,0.024080375,3.6001291,0.60787,11
876,0.5685062,0.5293556,1.2928421,1.1124526,12
877,0.5240769,0.22443576,1.9183776,0.6428518,13
878,0.15500864,0.8051813,4.5429206,0.8188052,14
879,0.9992749,0.82946897,4.443219,0.79777604,15
880,0.39189643,0.39622673,3.6749606,0.46531737,16
881,0.13885652,0.7826142,3.2004383,0.8380588,17
882,0.004010741,0.6499332,5.085041,0.9572582,18
883,0.43486091,0.9263318,2.0596452,0.5761305,19
884,0.4918776,0.6704456,4.984733,0.58276576,20
885,0.0074046967,0.38206407,3.0512464,0.7151955,21
886,0.7297293,0.69555867,1.8335336,0.68006396,22
887,0.20251928,0.18914875,1.7900758,0.75718486,23
888,0.17767505,0.32591406,1.1162912,0.5895707,0
889,0.74149734,0.5029077,3.9103236,0.6406161,1
890,0.020518318,0.56351316,1.6954708,0.8213245,2
891,0.25397125,0.08814649,6.1410084,0.94136626,3
892,0.20194489,0.936618,3.894082,0.95178235,4
893,0.020691402,0.72648156,2.880592,0.5654937,5
894,0.24381338,0.60142493,1.1680503,0.8247541,6
895,0.009321636,0.31424868,1.710453,0.7367438,7
896,0.40680373,0.3151209,4.0374384,0.67143345,8
897,0.5394968,0.10000272,0.93004173,0.8017612,9
898,0.43530652,0.50500983,3.7030482,0.85048664,10
899,0.02816485,0.029750554,3.6707654,0.8718503,11
900,0.69969654,0.41188586,1.0117217,1.157229,12
901,0.093885124,0.4257312,2.6595948,0.5812243,13
902,0.0079292795,0.9098393,5.3546424,0.9086778,14
903,0.47217977,0.811523,4.3525677,0.5423489,15
904,0.9769538,0.375643,4.1240416,0.6124674,16
905,0.00043767557,0.6477061,3.309697,1.0033963,17
906,0.80287975,0.5882246,4.774316,0.73655427,18
907,0.3381618,0.715751,2.9922628,0.7071402,19
908,0.27099586,0.56493026,4.4911923,0.45638794,20
909,0.26522255,0.30615556,3.5402384,0.8400657,21
910,0.09711871,0.5871892,1.4685848,0.62320805,22
911,0.16551282,0.099633716,2.6208112,0.49607736,23
912,0.0071195913,0.7322135,2.0756557,1.0826107,0
913,0.8735912,0.39740348,2.371817,0.71317935,1
914,0.84411424,0.86596525,1.1341045,0.6738249,2
915,0.34219676,0.055004917,5.678689,0.76169366,3
916,0.00014698511,0.75610536,3.9624896,1.3875463,4
917,0.00042891336,0.82459944,3.306232,0.6691193,5
918,0.00067638734,0.42051828,1.2521582,0.69729537,6
919,0.100559846,0.47640643,2.376172,0.64045453,7
920,0.0051917047,0.4419344,3.996049,0.85778326,8
921,0.013696181,0.5312476,2.0619273,0.888934,9
922,0.5364091,0.6099992,2.6978958,0.7475731,10
923,0.57661295,0.047015015,4.1188636,0.72029346,11
924,0.44742545,0.6437707,0.844018,0.77426887,12
925,0.7193155,0.29685244,1.9730712,0.6215221,13
926,0.06627656,0.5562035,2.9341676,0.3844816,14
927,0.02910914,0.9137672,3.4100142,0.8765471,15
928,0.000444489,0.36808723,2.943604,0.8320525,16
929,0.55859756,0.5192832,2.1859124,0.73220676,17
930,0.45694667,0.48665893,3.419678,0.99865973,18
931,0.03136701,0.8284216,3.2502127,0.7576439,19
932,0.17798156,0.64661187,3.5688689,0.5645238,20
933,0.03954941,0.33278742,3.0868104,0.5915072,21
934,0.0012687322,0.45623744,1.2911189,0.7045859,22
935,0.11063542,0.29247278,3.5735168,0.8898212,23
936,0.04592028,0.92368835,1.8325859,1.1016405,0
937,0.63261646,0.35541064,2.1563382,0.49743295,1
938,0.8491354,0.72618115,1.4693706,0.79273784,2
939,0.4566384,0.05721372,4.062582,0.8319876,3
940,0.98443884,0.9326096,4.638837,0.4952569,4
941,0.008350592,0.7571388,3.0532246,0.81659067,5
942,0.0034034178,0.758587,1.0128042,0.74120706,6
943,0.42235997,0.31915876,2.3863444,0.7684689,7
944,0.5498991,0.57932025,4.1324034,0.88321036,8
945,0.0074304724,0.35155702,1.7265569,0.7965963,9
946,0.023710135,0.581312,3.2654154,0.6146352,10
947,0.2023724,0.03168951,4.02319,0.6115724,11
948,0.3194381,0.43288288,3.3603945,0.5814661,12
949,0.054372784,0.22182652,2.1956089,1.0083797,13
950,0.49783668,0.86108804,4.040342,0.77441514,14
951,0.001286491,0.8902025,2.4438672,0.61685395,15
952,0.7802803,0.3165929,4.604531,0.57658756,16
953,0.9989656,0.70253617,3.0465307,0.65065414,17
954,0.07618817,0.52698606,4.357247,0.6866472,18
955,0.5327541,0.86140406,2.5268064,0.8652829,19
956,0.010017296,0.7753584,5.2664,0.768779,20
957,0.48266792,0.35500246,3.1370423,0.89952415,21
958,0.95721924,0.8753176,1.7422105,0.58752304,22
959,0.21507932,0.245815,2.9031837,0.70193833,23
960,0.9286743,0.8021089,2.1547294,0.6083194,0
961,0.004673322,0.42247412,2.6342316,0.79718286,1
962,0.3724617,0.86018777,1.4165034,0.87016314,2
963,0.68969953,0.05289964,4.6445866,1.1231741,3
964,0.00012903837,0.9242415,5.343937,0.9720907,4
965,0.9907026,0.89026725,4.4989676,0.5249666,5
966,0.54785806,0.24879669,1.0396615,0.88388574,6
967,0.089306585,0.6899843,2.5625863,1.0101577,7
968,0.25948462,0.5056489,3.6802647,0.8525973,8
969,0.0054206825,0.86974007,1.7350792,0.61199296,9
970,0.09156685,0.5074627,3.9091728,0.487149,10
971,0.3993612,0.0461296,4.4884963,0.575572,11
972,0.19794677,0.6237074,0.8171172,1.0806122,12
973,0.0274418,0.35700908,2.0710375,0.6263255,13
974,0.91783166,0.77455735,3.4265492,0.6661734,14
975,0.7331496,0.9445421,3.6609845,0.48349345,15
976,0.04636199,0.46804407,3.3673582,0.8296024,16
977,0.98452944,0.565303,3.271663,0.78119385,17
978,0.061863657,0.42051348,4.4407372,0.5461875,18
979,9.903443e-05,0.8128786,2.9034486,1.0906755,19
980,0.015697652,0.60017556,3.8323936,0.8315954,20
981,0.5590131,0.46744183,4.654559,0.9475013,21
982,0.00011493841,0.6597829,1.13116,1.029436,22
983,0.99014246,0.33781263,2.6192346,0.71210515,23
984,0.98815197,0.82790095,1.8808095,0.5256229,0
985,0.5777712,0.40171862,1.7127883,0.71280134,1
986,0.5256682,0.6878301,1.9804263,0.8744031,2
987,0.6163735,0.056073967,4.466759,0.8504666,3
988,0.006501094,0.8374844,4.386112,1.1179754,4
989,0.08779697,0.89580286,4.2393622,0.8493216,5
990,0.5742835,0.5592369,1.5174057,0.584844,6
991,0.07999847,0.57094324,2.4613307,0.7665098,7
992,0.6421306,0.34455627,4.6930056,0.58737236,8
993,0.74401206,0.4808763,2.9466274,0.7883382,9
994,0.19049375,0.35151556,2.7130067,0.650741,10
995,0.62329954,0.05909334,3.6983294,0.71483964,11
996,0.4174683,0.5546868,1.2863684,1.1284454,12
997,0.061973155,0.2563725,2.2982483,0.6157402,13
998,0.044109374,0.83373284,3.9998236,1.0750659,14
999,0.006889608,0.6695938,3.721576,0.7939936,15
1000,0.010288786,0.48569643,4.4474277,0.867126,16
1001,0.00042180385,0.41696572,1.8173076,0.9707645,17
1002,0.5123785,0.45105404,4.0306525,0.6564719,18
1003,0.96051466,0.47663125,2.9016132,0.77752626,19
1004,0.00087895145,0.5520671,5.2148304,0.98544717,20
1005,0.011601429,0.40462884,3.0202522,0.71000004,21
1006,0.7021678,0.7974386,1.237116,0.69141036,22
1007,0.045096017,0.09051171,2.6748133,0.52130723,23
1008,0.9923901,0.6654697,2.2557673,0.87820804,0
1009,0.26241997,0.52397597,1.5884794,0.6454079,1
1010,0.16742477,0.34464368,1.0735134,0.827005,2
1011,0.2751568,0.056161,5.6676674,0.5861785,3
1012,0.033883147,0.82078433,5.677911,0.8384201,4
1013,0.0009479871,0.9005932,3.8168244,1.1686009,5
1014,0.40104482,0.77175313,0.8482266,0.76897806,6
1015,0.07236667,0.24190307,1.875808,0.7858538,7
1016,0.51825666,0.44818476,4.2214723,0.4755298,8
1017,9.9009594e-05,0.631763,1.973659,0.7932173,9
1018,0.9497332,0.5684685,2.979151,1.0433148,10
1019,0.06269556,0.044065427,3.627156,0.6694302,11
1020,0.26151717,0.4663597,1.8305188,0.776652,12
1021,0.043517698,0.36249956,2.334082,0.85170597,13
1022,0.0036679301,0.6540565,3.82297,1.0363848,14
1023,0.063206844,0.85794854,4.1135654,0.9199656,15
1024,0.14510359,0.40790632,4.2191353,0.8028477,16
1025,0.97329503,0.43184856,2.2089455,0.5793655,17
1026,0.0015162065,0.39578465,6.013851,0.5509966,18
1027,0.050670445,0.8212224,4.2361455,0.90968573,19
1028,0.99820566,0.7580601,4.6178584,0.5476751,20
1029,0.0024763343,0.41506153,3.4886563,1.0220525,21
1030,0.4943722,0.5365306,1.2301611,0.6468904,22
1031,0.00965035,0.2933128,2.5263371,0.78899133,23
1032,0.019981505,0.69702184,1.6853963,0.91931784,0
1033,0.57494324,0.4103822,2.7277336,0.84281933,1
1034,0.009676392,0.27320573,0.9929532,1.1127982,2
1035,0.81901294,0.04804232,5.415636,1.1839576,3
1036,0.09584724,0.8128155,4.4362717,0.81793135,4
1037,0.776003,0.8897952,3.2998157,0.6854204,5
1038,0.00023261007,0.96014565,1.1333002,0.9574758,6
1039,0.21632604,0.1909147,2.624218,0.65406847,7
1040,0.08885233,0.43577772,4.44879,0.7321398,8
1041,0.024651846,0.70954424,1.8525773,1.2203794,9
1042,0.24193856,0.41617352,3.8922448,1.041456,10
1043,0.939787,0.022794005,4.020508,0.45707202,11
1044,0.17785375,0.3623104,1.2875564,1.15875,12
1045,0.0023769995,0.53613204,3.5522828,0.86005384,13
1046,0.17722976,0.88861316,3.4118595,0.72254205,14
1047,0.8171525,0.7546846,3.763379,0.493371,15
1048,0.013223456,0.32435587,3.2911582,0.89129543,16
1049,0.00052138226,0.44487017,2.282233,0.84623146,17
1050,0.0004208686,0.5524313,5.1936264,0.91102195,18
1051,0.99805236,0.88775223,2.6134708,0.82863617,19
1052,0.9916528,0.60713756,3.4255066,0.4769202,20
1053,0.92636514,0.40024233,4.223015,0.8634234,21
1054,1.696805e-05,0.5687599,1.4767922,1.1770748,22
1055,0.11072047,0.309007,3.3449736,0.7514871,23
1056,2.9499337e-05,0.6672602,1.8524406,0.79024166,0
1057,0.008100781,0.55476624,1.5026908,0.96067137,1
1058,0.9590522,0.4647173,1.9579947,0.4983002,2
1059,0.3574715,0.05190317,5.5071297,0.55627155,3
1060,0.009237477,0.8722059,4.002005,0.7324416,4
1061,0.027725829,0.8102792,3.491383,0.78078145,5
1062,0.09491195,0.7015368,1.2873569,0.67681694,6
1063,0.117167786,0.34425038,1.8358316,0.83799607,7
1064,0.028824873,0.48058224,4.3748207,0.8183048,8
1065,0.999445,0.41056564,1.4506133,0.68442,9
1066,0.5086905,0.38296157,3.70445,0.5769902,10
1067,0.6542442,0.013956478,4.1054482,0.6368487,11
1068,0.30241373,0.44255328,1.5791807,0.6495008,12
1069,0.81150645,0.3562264,2.1886458,0.68556356,13
1070,0.994402,0.8484259,4.7312913,0.6530169,14
1071,0.8417033,0.8329111,3.3553352,0.6330725,15
1072,0.01253152,0.385611,4.336544,0.7388764,16
1073,0.0011176212,0.7579636,2.8474874,0.7174052,17
1074,0.3770995,0.6138478,5.1839333,0.88924277,18
1075,0.025879277,0.705025,2.415031,0.91764474,19
1076,0.8894637,0.7864836,4.0883737,0.509809,20
1077,0.9715604,0.5555651,3.6392405,0.8761351,21
1078,0.033156246,0.5646073,1.5652404,0.62985355,22
1079,0.34108034,0.2839861,2.6866403,0.5569594,23
1080,0.00088170654,0.4269229,2.1411173,1.3638613,0
1081,0.9287066,0.3125384,2.1333013,0.7489949,1
1082,0.004087823,0.12833264,1.027789,0.74269164,2
1083,0.18872628,0.06308122,4.6831946,0.81429064,3
1084,0.9997359,0.85574156,3.3338091,0.5432675,4
1085,0.0014004803,0.5259577,3.860166,0.76255846,5
1086,0.33585188,0.7380322,1.2158589,0.6727325,6
1087,0.054683775,0.34243464,2.2476296,0.69599634,7
1088,0.98572624,0.5888348,4.4370837,0.6089231,8
1089,0.8153535,0.6470806,2.3946726,0.63051665,9
1090,0.3543903,0.49841335,2.6167903,0.7501334,10
1091,0.015045978,0.04321272,2.942337,0.6538533,11
1092,0.37637115,0.7573812,1.2931702,0.7681756,12
1093,0.005379868,0.3723214,3.1937213,0.85058844,13
1094,0.07859965,0.8678671,4.273728,0.9747613,14
1095,0.0004266125,0.7149311,4.051672,0.7984733,15
1096,0.016186621,0.30622628,3.5005207,0.42824054,16
1097,0.47210824,0.71669835,2.6726363,0.6530514,17
1098,0.420531,0.53327674,5.2721877,0.62876827,18
1099,0.009975043,0.713363,2.9741201,0.69553083,19
1100,0.039278325,0.83558697,4.877583,0.6657073,20
1101,0.5266552,0.35742003,4.3902893,0.9261656,21
1102,0.9949921,0.82593673,2.7875981,0.44032827,22
1103,0.03839945,0.17947507,2.2541957,0.665735,23
1104,0.78289217,0.77515316,2.3300054,0.92028034,0
1105,0.33382943,0.52201134,1.9732432,0.5898506,1
1106,0.03142036,0.6850237,1.2397764,0.94132876,2
1107,0.34078386,0.102009736,5.5530405,0.79297817,3
1108,0.10913584,0.89065415,3.7226396,0.89276373,4
1109,0.23793992,0.86263937,4.5277863,0.6176059,5
1110,0.9373517,0.7687992,1.089506,0.60725296,6
1111,0.2877244,0.7707758,3.3679466,0.8142776,7
1112,0.0018146348,0.45579392,4.2986803,0.74721944,8
1113,0.057897847,0.52771676,2.3910787,0.7701309,9
1114,0.6237039,0.41384783,3.0695634,0.77494234,10
1115,0.13951726,0.031206667,3.5785842,0.9213109,11
1116,0.3344234,0.7020027,1.0294168,0.6989647,12
1117,0.1896751,0.2084635,2.2500923,0.4562407,13
1118,0.42945588,0.6142358,3.7960052,0.7457024,14
1119,0.9104068,0.8339077,3.7017844,0.5032036,15
1120,0.012114474,0.29403937,2.9660523,0.8857043,16
1121,0.99418384,0.5629492,2.3259032,0.43943164,17
1122,0.71776754,0.5010808,4.783568,0.7752875,18
1123,0.0138957715,0.7266246,2.7082233,0.91508776,19
1124,0.08790545,0.8056981,5.3405466,0.6726679,20
1125,0.16300005,0.5224461,4.469446,0.6198659,21
1126,0.26801413,0.680603,2.363823,0.8182478,22
1127,0.010159631,0.21975389,1.723136,0.82519674,23
1128,0.99843687,0.60064644,2.603176,0.6833247,0
1129,0.7142372,0.4428845,2.5102725,0.7032819,1
1130,0.41239053,0.8475031,1.7746824,0.8109,2
1131,0.41210556,0.05069848,3.641322,0.66741776,3
1132,0.55910105,0.9072373,3.9233065,0.6166702,4
1133,0.7120886,0.5861549,2.7971914,0.59343505,5
1134,0.9825774,0.32747212,1.1796718,0.6101694,6
1135,0.0052074855,0.48135564,2.0535352,0.61376816,7
1136,0.11520914,0.40092418,4.3929334,0.49874887,8
1137,0.009353368,0.22569944,2.24578,0.72530854,9
1138,0.31753024,0.55778754,3.103393,0.7558421,10
1139,0.7249665,0.03925444,4.524753,0.76472217,11
1140,0.17807607,0.51041526,1.8649745,0.72338253,12
1141,0.052083466,0.23863684,2.6987793,0.845495,13
1142,0.94364417,0.7684993,4.4004064,1.1638167,14
1143,0.00015510079,0.6811738,4.960913,0.93246305,15
1144,0.2136392,0.38531265,3.5888453,0.9852045,16
1145,0.98051584,0.7561657,2.8261592,0.7275046,17
1146,0.2323884,0.5011022,4.7924747,0.589165,18
1147,0.062327653,0.38575345,2.8234553,1.1227132,19
1148,0.024300653,0.60394996,3.3805714,0.7056538,20
1149,0.010487671,0.3435504,2.8214235,0.83639115,21
1150,0.00043392074,0.56928676,2.285135,0.9089577,22
1151,0.36763483,0.213073,2.7239313,0.8821597,23
1152,0.01342972,0.45434543,1.8042625,0.8533215,0
1153,0.0006692858,0.21783443,2.6127553,0.6190685,1
1154,0.61962444,0.90528315,1.1044048,0.916493,2
1155,0.5332304,0.082669824,4.777794,0.53222305,3
1156,0.21532866,0.9412426,4.485972,0.765771,4
1157,0.13043801,0.8902721,3.460691,0.7739322,5
1158,0.98618156,0.79948854,0.5339922,0.5879152,6
1159,0.72379947,0.51145005,1.9796858,0.60594624,7
1160,0.0042354935,0.6085398,4.4827027,0.90540236,8
1161,0.008673874,0.7849391,1.5515499,0.7071567,9
1162,0.019430991,0.5891691,2.7136602,0.77418894,10
1163,0.0858019,0.03418359,4.100947,0.7833868,11
1164,0.5022524,0.7512177,1.3978891,1.0213085,12
1165,0.10090536,0.5270118,3.5443125,0.6415974,13
1166,0.06342317,0.76376176,3.570879,0.77418256,14
1167,0.36934814,0.7189101,2.448134,0.74199545,15
1168,0.02398664,0.50009257,3.522296,0.63860905,16
1169,0.012809204,0.7166202,2.7970586,0.66377133,17
1170,3.450884e-05,0.44939044,6.333295,1.4679356,18
1171,0.019744985,0.37112257,2.7891536,0.7734293,19
1172,0.020228846,0.77451533,3.454547,0.9622209,20
1173,0.28178406,0.3778071,2.4136868,0.8365348,21
1174,0.9986588,0.55033606,1.924702,0.56172454,22
1175,0.82493323,0.14612003,2.443547,0.57584816,23
1176,0.95183206,0.76372504,1.7248406,0.76633024,0
1177,0.41885,0.4617808,2.0699005,0.7278455,1
1178,0.20016524,0.7129301,0.9821827,0.69794846,2
1179,0.5641327,0.057933386,4.7937965,1.0414518,3
1180,0.5222165,0.75622183,3.0470302,0.7936552,4
1181,0.049177345,0.6293986,3.4452903,0.8672563,5
1182,0.9998062,0.87475353,0.91140574,0.8128512,6
1183,0.059045386,0.62403756,2.185113,0.44262114,7
1184,0.015176081,0.5992695,4.5532093,0.7393385,8
1185,0.34730983,0.36315635,1.8903614,0.6386337,9
1186,0.8991462,0.5607049,4.220631,0.5089378,10
1187,0.103198394,0.030410953,3.7268558,0.624139,11
1188,0.3813747,0.85985863,2.165651,1.2130252,12
1189,0.7454534,0.28344157,2.2060535,0.4137386,13
1190,0.8195612,0.7599356,3.1325498,0.53250617,14
1191,0.87517405,0.8847755,3.9953995,0.7476735,15
1192,0.014515765,0.52771115,3.1869197,0.6457544,16
1193,0.004806547,0.590335,3.0488179,0.9037765,17
1194,0.15513836,0.678941,5.181331,0.53543276,18
1195,0.00015963861,0.57587606,3.2311342,0.7726059,19
1196,0.9926138,0.7246227,4.372674,0.49016315,20
1197,0.9981875,0.4992974,3.7783332,0.82334304,21
1198,0.01033017,0.49275467,2.2749908,1.488172,22
1199,0.035946455,0.3662058,2.328383,0.41391265,23
1200,0.11659335,0.7553461,2.7577543,0.7528126,0
1201,0.4034149,0.3589203,1.8546364,0.89239234,1
1202,0.22050759,0.52254397,1.4430199,0.76421046,2
1203,0.53277594,0.075139135,5.248763,0.67667687,3
1204,0.37193444,0.84269845,4.5786853,0.8012954,4
1205,0.60261965,0.87907636,3.4097693,0.54467314,5
1206,0.0073066195,0.7419903,0.9026768,0.73641956,6
1207,0.33857968,0.22112001,1.8090509,0.4378368,7
1208,0.001001168,0.42495042,3.3558445,0.7381939,8
1209,0.009396753,0.8102443,2.295546,0.94272304,9
1210,0.01346965,0.46743274,3.7890055,0.67095375,10
1211,0.6024764,0.025045644,3.1556962,0.8115023,11
1212,0.42849466,0.4995436,1.3084639,0.69587004,12
1213,0.0008874615,0.4591365,2.8880298,0.7979045,13
1214,0.09198633,0.58765143,4.020415,0.634873,14
1215,0.011307381,0.8824211,3.7164042,0.87228954,15
1216,0.0009844285,0.4426786,3.2588708,0.9486922,16
1217,0.0021743183,0.33115828,2.3878994,0.9189168,17
1218,0.097683705,0.6292266,4.717306,0.722377,18
1219,0.6075313,0.67446804,2.1461275,0.7093898,19
1220,0.0051545543,0.77151036,2.8409705,0.8362523,20
1221,0.22108163,0.35836935,3.8463066,0.6057374,21
1222,0.99173903,0.5035604,1.0411092,0.804636,22
1223,0.019435644,0.3640631,3.8917313,0.701159,23
1224,0.039837454,0.74725944,1.9782491,0.58296764,0
1225,0.023568308,0.34541756,2.2982094,0.8117581,1
1226,0.32864675,0.5066912,0.9414766,0.5681286,2
1227,0.17522764,0.07569906,3.9432893,0.7434383,3
1228,0.90610844,0.93016607,3.8206246,0.4924399,4
1229,0.011485509,0.87442815,3.779508,0.6392321,5
1230,0.98961675,0.7919471,1.1212683,0.7341924,6
1231,0.18996969,0.57652926,1.7751949,0.59926575,7
1232,0.10180785,0.5280861,4.435697,0.9775865,8
1233,2.0237541e-05,0.46430826,1.7472072,0.91068244,9
1234,0.037940025,0.5556168,3.488882,0.69523513,10
1235,0.026728062,0.0178719,3.5583518,0.6262881,11
1236,0.38725543,0.36490816,1.3188686,0.8060752,12
1237,0.0021337394,0.3569062,2.7430055,1.0332216,13
1238,0.48756814,0.7317673,3.2164752,0.73332363,14
1239,0.08377711,0.89136565,3.1868994,1.1374321,15
1240,0.014389042,0.26136035,4.3020587,0.876722,16
1241,0.46778923,0.48059258,2.5611777,0.61475897,17
1242,0.7203176,0.4878185,4.5092316,1.2182553,18
1243,0.95393634,0.79089874,2.266669,0.5551278,19
1244,0.12685642,0.67541516,5.561965,0.5846909,20
1245,0.0010863541,0.37472034,3.5859826,0.99047256,21
1246,0.06505795,0.5150889,1.4250058,0.6173258,22
1247,0.9950245,0.21361409,3.1674948,0.77761596,23
1248,0.012775042,0.9425742,1.4809911,0.7427044,0
1249,0.15777998,0.2856905,1.618258,0.82192373,1
1250,0.32351243,0.34209764,0.78175217,1.0169282,2
1251,0.322616,0.062001087,5.9391885,0.6949121,3
1252,0.0011496498,0.91202706,4.22298,0.7753227,4
1253,0.70446163,0.8116559,2.9347692,0.6898593,5
1254,0.52014315,0.957821,1.1221402,0.5293832,6
1255,0.7695131,0.51349896,2.4268558,0.40815836,7
1256,0.002647097,0.43985784,2.9372609,0.8172101,8
1257,1.8261348e-05,0.3010608,1.7352818,0.92005074,9
1258,0.008853048,0.67493594,2.7179723,0.7142881,10
1259,0.08626095,0.015442464,3.7462127,0.48081812,11
1260,0.35385987,0.37665352,0.9973601,0.9651608,12
1261,0.0026549376,0.35920134,2.78801,0.63993585,13
1262,0.0034932203,0.80399776,3.8670201,0.6648213,14
1263,0.034595143,0.9399551,3.5220945,0.5666974,15
1264,0.6518226,0.447672,3.9385066,1.4093071,16
1265,1.3830367e-05,0.66381276,3.1532,1.5688683,17
1266,0.9925054,0.4942789,3.5215244,0.73342264,18
1267,0.9047899,0.73004454,2.2256203,0.70780665,19
1268,0.118849434,0.8223099,4.533149,0.8226788,20
1269,0.029276093,0.43212855,3.6452696,0.5504784,21
1270,0.0017635913,0.6779699,2.0121744,0.80456793,22
1271,0.6640679,0.31355324,3.1317904,0.6050297,23
1272,0.97531533,0.66761374,2.1501832,0.68013215,0
1273,0.06824379,0.6094282,2.6470888,0.8927263,1
1274,0.10924889,0.48246276,0.7589184,0.71756786,2
1275,0.94176185,0.03985273,6.1858697,0.9565563,3
1276,0.00010839444,0.9162529,4.7818837,0.9891843,4
1277,0.6793267,0.7568002,3.472613,0.659662,5
1278,0.9931778,0.844031,0.77361906,0.7185901,6
1279,0.42014396,0.6171501,2.584146,0.6930909,7
1280,0.46482658,0.25842023,3.2766137,1.0614092,8
1281,0.83871955,0.5418355,2.5776815,0.5731478,9
1282,0.28835645,0.4595722,2.4977448,0.8848358,10
1283,0.83657336,0.016347747,3.2609797,0.78058994,11
1284,0.5358309,0.5402232,1.9556743,0.89895225,12
1285,0.14270674,0.36919284,3.2515523,0.87245595,13
1286,0.4636008,0.8247291,4.2087297,0.80444723,14
1287,0.74538255,0.8277761,4.0733895,0.6801475,15
1288,0.4129994,0.44059393,4.5980825,0.6801611,16
1289,0.002626113,0.6199539,2.1871493,0.8787085,17
1290,0.017045109,0.5364989,4.4463735,1.1265086,18
1291,0.98238707,0.49738482,3.4491026,0.83359355,19
1292,0.55691195,0.7502574,4.702632,0.58102375,20
1293,0.002594489,0.49032733,3.3484893,0.6331975,21
1294,0.04344143,0.5792647,1.8471855,0.8442065,22
1295,0.64876205,0.274019,2.6442323,0.60185623,23
1296,0.9027173,0.9281045,2.2187839,0.5480442,0
1297,0.062279645,0.2721747,2.057169,0.6148076,1
1298,0.68997717,0.95523584,1.572871,0.81153536,2
1299,0.57204634,0.059990067,6.118889,0.5989428,3
1300,0.019299908,0.79186046,3.890978,1.0553823,4
1301,0.21872725,0.83010805,2.814466,0.72955304,5
1302,5.76819e-05,0.67984796,0.78734887,0.6884773,6
1303,0.24233767,0.41108388,1.8587365,0.7432742,7
1304,0.87845063,0.54425794,3.8750365,0.5914989,8
1305,0.0058338842,0.4584913,2.6480837,0.685317,9
1306,0.012506107,0.5525821,2.522791,0.8960703,10
1307,0.21739677,0.026740197,4.0498595,0.55331534,11
1308,0.5236892,0.6262333,1.2726738,1.2055597,12
1309,0.22021177,0.27235094,2.3401024,0.6516177,13
1310,0.0034776388,0.8467529,3.032909,0.85967237,14
1311,3.3990313e-05,0.8162462,3.9461002,1.2354114,15
1312,0.9992512,0.4947057,4.9904103,0.9030031,16
1313,0.041838598,0.5599613,2.5089061,0.6664327,17
1314,0.7090632,0.5302383,4.2816896,0.76986754,18
1315,0.13398221,0.68695605,3.3103023,0.6504713,19
1316,0.90573806,0.6708739,4.552176,0.49874198,20
1317,0.047303382,0.3077986,4.484747,0.8451771,21
1318,0.0001513226,0.7172269,1.6979014,0.59292424,22
1319,0.9973429,0.30929297,3.2415848,0.52194226,23
1320,0.0008084799,0.6165826,2.211485,1.4230859,0
1321,0.19696555,0.31889075,1.9310135,0.79750234,1
1322,0.85346913,0.6686706,1.615078,0.60806346,2
1323,0.3611733,0.06455802,5.1923323,0.6355134,3
1324,0.001537464,0.86500525,3.539792,1.0328377,4
1325,0.20821854,0.7878022,4.155804,0.6709487,5
1326,0.5162053,0.43684778,1.5135391,0.7135323,6
1327,0.0053076064,0.6001254,2.861047,0.93511474,7
1328,0.058046512,0.42564797,4.5508394,0.68681353,8
1329,0.8717445,0.51934123,1.7968326,0.4933852,9
1330,0.003765861,0.702283,4.1977673,0.82847214,10
1331,0.5670815,0.021775309,4.6415386,0.7126797,11
1332,0.3007637,0.5778717,1.8914449,0.9222841,12
1333,0.8270042,0.26300436,1.6842024,0.6220239,13
1334,0.00017986586,0.8432702,4.423008,0.9939653,14
1335,0.00034439683,0.75815374,3.3173392,1.0554991,15
1336,0.28306067,0.45260948,4.1165524,0.65039635,16
1337,0.0005120987,0.48993865,3.1619053,0.8260727,17
1338,0.0034666734,0.5073539,4.981468,0.7810127,18
1339,0.049538642,0.640632,2.5915232,0.5262196,19
1340,0.0027986185,0.692427,4.7304344,0.52393967,20
1341,0.84018636,0.5223062,3.568861,0.8019603,21
1342,0.0009791137,0.82558733,2.0028038,1.2251275,22
1343,0.07616277,0.30656978,3.1752384,0.6277173,23
1344,0.7515941,0.86724627,2.569625,0.6073094,0
1345,0.81243503,0.6343269,2.5641823,0.8202192,1
1346,0.6459651,0.6167943,1.7883133,0.63145405,2
1347,0.11877651,0.07750422,4.7673206,0.6364627,3
1348,0.6763957,0.7168089,3.5892198,0.5967585,4
1349,0.53338933,0.9045323,3.9374347,0.86735845,5
1350,0.9740363,0.92175347,1.0450116,0.6245355,6
1351,0.04832504,0.5109708,2.7165327,0.90457284,7
1352,0.037778467,0.4130644,4.7921386,0.47610536,8
1353,0.80456865,0.7122997,2.3454854,0.7657995,9
1354,0.12650897,0.6045981,5.9244084,0.8292767,10
1355,0.0062777153,0.039313786,3.3437684,0.7045531,11
1356,0.34647182,0.548862,1.6480873,1.028456,12
1357,0.99645644,0.30824122,3.1226296,0.48294103,13
1358,0.14898509,0.3948348,2.5310888,0.74227643,14
1359,0.9998411,0.8040358,3.3467908,0.4873061,15
1360,0.014536187,0.31515044,4.039292,0.81183517,16
1361,0.07190194,0.4562307,2.2864456,0.59413266,17
1362,0.1267294,0.6784096,5.034702,0.56810236,18
1363,0.021228714,0.63687927,2.6415582,0.8033154,19
1364,0.5696325,0.7845493,4.900448,0.45270658,20
1365,0.026170684,0.4887278,3.2269392,1.0982668,21
1366,0.0075817136,0.4015614,1.6605966,1.188273,22
1367,0.019716835,0.21389946,3.1918783,0.5234814,23
1368,0.09004197,0.7418493,2.4490638,0.7124681,0
1369,0.58024496,0.47727814,1.7175891,0.4579921,1
1370,0.94001114,0.33547917,0.5843509,0.7640289,2
1371,0.38358316,0.03976577,4.964657,0.48259094,3
1372,0.03554878,0.9006019,3.9439619,0.8043695,4
1373,0.043111112,0.92309284,2.7959313,0.81954813,5
1374,0.5777867,0.7638443,1.1100891,1.1518767,6
1375,0.00053085806,0.4331772,2.095412,0.75571483,7
1376,0.24827132,0.5102869,4.9480352,0.7959712,8
1377,0.5965085,0.37814265,1.8346775,0.8623209,9
1378,0.09533203,0.5593514,2.8659606,0.85942805,10
1379,7.640665e-05,0.037773214,3.0561624,0.6580671,11
1380,0.14798811,0.82404125,1.7078375,0.7579977,12
1381,0.7740885,0.3078061,2.2683601,0.6005757,13
1382,0.45918137,0.5684381,3.749468,0.8241589,14
1383,0.0020165117,0.8414434,3.6024714,0.672999,15
1384,0.113619566,0.31226668,3.799461,0.70330685,16
1385,0.0014711826,0.5549504,1.8913846,0.59641564,17
1386,0.6796155,0.5180248,4.5133133,1.2233459,18
1387,0.3788415,0.8200676,2.1318831,0.65602803,19
1388,0.22022703,0.7939084,4.3967123,0.61163557,20
1389,0.00069401675,0.28776395,2.5694437,0.8545167,21
1390,0.023612747,0.65537846,1.1309726,0.96514314,22
1391,0.36173156,0.2307402,2.966614,0.96088755,23
1392,0.0010507271,0.6554431,1.3085259,0.70499986,0
1393,0.97837573,0.6181464,2.3236535,0.50551075,1
1394,0.8968538,0.6597533,1.2171891,0.6480117,2
1395,0.4537143,0.05231339,6.064188,0.77491236,3
1396,0.776382,0.8023434,3.5558715,0.5576037,4
1397,0.9947773,0.8495021,2.7624388,0.7025132,5
1398,0.10712481,0.90233094,1.1624719,0.6763431,6
1399,0.10695322,0.33074147,3.4483547,0.75595975,7
1400,0.009288896,0.5059195,4.6054883,0.6177258,8
1401,0.001850374,0.45855913,2.590023,1.0976598,9
1402,0.7330202,0.56881404,3.457222,0.8460054,10
1403,0.46301174,0.02064721,3.4805644,0.6163569,11
1404,0.21316467,0.53935593,1.2455567,0.8115897,12
1405,0.55834043,0.4479633,3.1147983,0.6208012,13
1406,0.8556567,0.8239305,4.106449,0.8869851,14
1407,0.0019832954,0.7325546,3.499166,0.64102954,15
1408,0.08884924,0.42252988,4.263717,0.6483002,16
1409,0.6427971,0.64345914,2.3657336,0.6757164,17
1410,0.001051447,0.39790848,5.3610916,0.58663005,18
1411,0.038335763,0.8268897,3.4426255,0.56339,19
1412,0.012038412,0.79512525,4.145272,0.7334176,20
1413,0.9901102,0.3961235,4.7643766,0.61240786,21
1414,0.005920752,0.8299759,1.8672757,1.0120693,22
1415,0.0018083061,0.31715634,2.853241,0.77512205,23
1416,0.9767528,0.8316958,1.844636,0.9701952,0
1417,0.72315145,0.6358876,2.7863207,0.6274689,1
1418,0.29070637,0.6204913,0.70552826,1.0094709,2
1419,0.35650098,0.05001254,6.346686,0.6809472,3
1420,0.61880344,0.6805367,4.7826614,0.72518677,4
1421,0.62715805,0.8306935,2.7420475,0.7779496,5
1422,0.9462744,0.8772241,0.667181,0.7232826,6
1423,0.17386548,0.35891226,2.1220844,1.0021588,7
1424,0.0043035257,0.42130885,2.8255062,0.6681934,8
1425,0.5274072,0.3390508,1.3419486,0.48580456,9
1426,0.757749,0.5224561,3.1930983,0.91359556,10
1427,0.8966732,0.025244372,4.0005364,0.696379,11
1428,0.38668188,0.2704431,1.3149701,0.9551027,12
1429,0.5945097,0.33759877,2.4554446,0.5935475,13
1430,0.10392987,0.6142406,4.6847863,0.79956615,14
1431,0.048501108,0.84919095,4.3314795,0.94693846,15
1432,0.69452196,0.45683894,4.1508346,0.8610132,16
1433,0.05463222,0.4421775,2.5952816,0.85660434,17
1434,0.009201968,0.52424216,4.6682415,1.1574757,18
1435,0.0016797603,0.65596896,2.2856138,0.68414295,19
1436,0.12761122,0.74529195,5.213821,0.6669864,20
1437,0.2710529,0.38330877,4.322503,0.4607624,21
1438,0.5415508,0.6640922,1.2327874,0.38230714,22
1439,0.7198698,0.36565912,2.7808988,0.78612447,23
1440,0.004058426,0.43681785,1.7921414,0.66003174,0
1441,0.0009627985,0.34402183,1.6630595,0.76549417,1
1442,0.420267,0.49413276,1.2131168,0.86002374,2
1443,0.25246528,0.06265594,5.28641,1.0364408,3
1444,1.7818107e-07,0.7477771,5.0939703,0.9074638,4
1445,0.8922872,0.5807096,2.6924465,0.43087536,5
1446,0.08566228,0.9128309,0.6560671,0.7007145,6
1447,0.6694013,0.35932386,1.2955203,0.781349,7
1448,0.0110859005,0.38200238,4.309784,0.766851,8
1449,0.22064473,0.39612064,2.1439424,0.7750327,9
1450,0.022630021,0.5179985,2.7356372,1.0896833,10
1451,0.053092606,0.013586628,2.197939,0.82140255,11
1452,0.38862696,0.43192574,1.2586724,0.96234494,12
1453,0.05246108,0.2902985,2.213736,0.56699955,13
1454,0.7741042,0.83107793,4.272248,0.9349655,14
1455,0.16142058,0.85817385,3.3044095,0.72307473,15
1456,0.00065926043,0.30588678,4.228419,1.0530812,16
1457,0.08479718,0.67784035,2.1904037,1.2517737,17
1458,0.9724875,0.63160115,4.0816765,0.50492173,18
1459,0.021417454,0.795743,2.544483,1.1588575,19
1460,0.06882239,0.5790014,3.8530884,0.4608916,20
1461,0.04453776,0.2744471,3.9965005,0.57213,21
1462,8.668025e-06,0.6924288,2.03141,1.1218904,22
1463,0.96465963,0.23070791,3.4296587,0.61177725,23
1464,0.005521493,0.81069386,2.3270006,1.134309,0
1465,0.22490002,0.39894953,2.5273397,0.6411055,1
1466,0.14139752,0.5116819,1.4655046,0.7936815,2
1467,0.48215124,0.06183007,5.684801,0.7475523,3
1468,0.00010783608,0.87164134,3.5980341,0.9062575,4
1469,0.43092683,0.833181,3.3557703,0.62670934,5
1470,0.21491274,0.40967464,0.84305143,0.47311154,6
1471,0.022007968,0.1853785,1.8251884,0.9331,7
1472,0.11738949,0.4087844,4.276349,0.7082922,8
1473,0.18304807,0.77271783,1.9537456,1.1070288,9
1474,0.0021109541,0.5384236,2.446948,0.7655798,10
1475,0.0008329239,0.04859937,4.0886664,0.81517166,11
1476,0.561691,0.46424693,1.0197928,0.81702596,12
1477,0.03424952,0.21451539,2.335777,0.7700532,13
1478,0.9783149,0.67137134,3.9173315,0.6874151,14
1479,0.997962,0.71901006,3.4860423,0.3880389,15
1480,0.18342766,0.57313085,4.5248604,0.72038007,16
1481,0.063085444,0.6041394,1.7706012,0.7254053,17
1482,0.6485021,0.3829518,4.6427193,0.4602691,18
1483,0.10852811,0.62484366,2.1716604,0.68806875,19
1484,0.85679543,0.76033837,4.358569,0.7692094,20
1485,0.70551294,0.23639329,2.698892,0.94579285,21
1486,0.24265532,0.69452435,1.5019048,0.67798007,22
1487,0.37694392,0.3096006,2.841517,0.4031721,23
1488,0.4087846,0.8076572,2.514124,1.1879053,0
1489,0.97085327,0.61433274,1.9641774,0.6303227,1
1490,0.38209128,0.6380201,1.8915803,0.78222984,2
1491,0.14264251,0.06948166,5.6887093,0.8869759,3
1492,0.01688659,0.8591307,3.40683,1.1926954,4
1493,0.07063065,0.5326255,2.6997497,0.8554923,5
1494,0.02589107,0.31251577,0.9444401,0.41282034,6
1495,0.22812997,0.25935134,3.2763302,0.8418035,7
1496,0.9866716,0.6912208,4.3399715,0.5403405,8
1497,0.21851392,0.24724355,1.3508132,0.6010903,9
1498,0.04466215,0.5686699,2.8485484,0.9753138,10
1499,0.006257692,0.024248378,3.586521,0.72493887,11
1500,0.39171293,0.7528464,1.6721624,0.7370553,12
1501,0.019097265,0.5325343,3.3811295,0.5735441,13
1502,0.0346617,0.8125786,4.2789607,0.8624012,14
1503,0.024837282,0.88163024,4.4241514,0.61533594,15
1504,0.63301945,0.32093552,4.896618,0.89727414,16
1505,0.009951244,0.58911985,3.41394,0.83179176,17
1506,7.984627e-05,0.51069915,6.0979934,1.069037,18
1507,0.7995431,0.57378507,3.1981385,0.6527657,19
1508,0.2653368,0.7446531,3.9202805,0.5565722,20
1509,0.11363083,0.36734712,3.4210608,0.98206234,21
1510,0.3773905,0.51254237,1.7529565,1.1433209,22
1511,0.022418402,0.3381715,3.4004588,0.6295096,23
1512,0.9803505,0.8947838,1.6380317,0.50994503,0
1513,0.95110506,0.33096224,2.1734858,0.4202278,1
1514,0.50466603,0.5620473,1.9548495,0.6854585,2
1515,0.564686,0.0529416,5.525358,0.95050085,3
1516,0.920911,0.9491639,4.4208765,0.8414291,4
1517,0.49524286,0.8163484,3.4319785,0.69490266,5
1518,0.9992124,0.8678478,0.9041536,0.5984255,6
1519,0.21818924,0.50228196,2.185638,0.8542058,7
1520,0.14116728,0.51165235,4.046776,0.64409304,8
1521,0.0019886438,0.443132,2.0009518,0.7559149,9
1522,0.010845143,0.48097092,2.6706724,0.605252,10
1523,0.9772735,0.02683481,4.297508,0.69408387,11
1524,0.5177571,0.7518771,1.6924467,0.7253987,12
1525,0.01002055,0.31924686,2.6139998,1.0805206,13
1526,0.24627149,0.7843641,4.570775,0.7848282,14
1527,0.00066784193,0.76728255,3.3440187,0.66284055,15
1528,0.009874138,0.3588942,4.554657,0.8345523,16
1529,0.02113247,0.66682327,2.5996115,0.92965436,17
1530,0.010409866,0.45531604,4.9802904,0.73517567,18
1531,0.0021035122,0.47343823,3.3384826,0.83727723,19
1532,0.081358366,0.84298927,3.990541,0.6313765,20
1533,0.0018155773,0.2756126,3.512534,0.77787375,21
1534,0.31299308,0.61469775,1.8222752,0.51213986,22
1535,0.17724076,0.3082424,1.9540224,0.9011262,23
1536,0.98072845,0.63413906,1.8208983,0.44476193,0
1537,0.9524476,0.47800732,2.6854,0.5589862,1
1538,0.5297819,0.29856908,0.89776427,0.61853915,2
1539,0.41369697,0.07184569,4.406899,1.0410334,3
1540,0.26835203,0.8388372,4.723297,0.8117709,4
1541,0.07132941,0.8945967,4.072193,0.7014382,5
1542,0.8647782,0.56496847,0.9042495,0.6807302,6
1543,0.10352522,0.5278119,1.5709839,0.8443301,7
1544,0.2425957,0.5064535,3.4875789,0.6775634,8
1545,0.11054319,0.48860368,2.0640757,0.6544448,9
1546,0.020963097,0.6070747,2.7057753,0.77304435,10
1547,0.017746147,0.016657727,2.7975578,0.63059336,11
1548,0.4111783,0.54217106,0.8256629,0.6794182,12
1549,0.7076628,0.33435118,2.824962,0.70854634,13
1550,0.013009912,0.5994905,4.007825,1.319387,14
1551,0.39131328,0.9178526,4.1680503,0.94720995,15
1552,0.14440624,0.5716121,4.10314,0.92399454,16
1553,0.63162565,0.5712441,2.2861621,0.43579906,17
1554,0.0030269183,0.45023927,4.5423656,0.7362523,18
1555,0.5471183,0.7729948,3.3544378,0.5494315,19
1556,0.016084993,0.7762723,5.244813,0.94438225,20
1557,0.83363646,0.32672018,5.0330877,0.68282104,21
1558,0.90053195,0.6100775,2.7987843,0.33199537,22
1559,0.030283986,0.24172874,2.3034675,0.6413512,23
1560,0.22693783,0.854158,1.7837045,0.7630226,0
1561,0.5466609,0.35906184,1.6413016,0.7207025,1
1562,0.9097979,0.65732664,1.7172179,1.1332645,2
1563,0.5481619,0.07581368,4.902415,0.6543263,3
1564,0.5619822,0.8476968,3.963849,0.55411196,4
1565,0.58174497,0.62095875,3.167684,0.53962535,5
1566,0.9999895,0.77446187,0.6569889,0.48967037,6
1567,0.0013291814,0.31218505,2.9968355,1.1672966,7
1568,0.7404636,0.6348828,4.6725545,0.7191723,8
1569,0.82663494,0.7574047,1.9851708,0.66969043,9
1570,0.553666,0.47413963,3.1771243,0.49227113,10
1571,0.7545248,0.017632483,3.9390001,0.4692737,11
1572,0.32437113,0.5449025,1.9547994,0.7209133,12
1573,0.065592356,0.4817686,3.0107474,0.921269,13
1574,0.043661762,0.60546905,4.1679263,0.6052332,14
1575,0.0017989948,0.89262474,4.212763,1.0638709,15
1576,0.9999089,0.5185118,4.575617,0.51538604,16
1577,2.1619964e-05,0.6339754,2.350749,0.89555573,17
1578,1.2158445e-05,0.5188179,4.836113,0.7676337,18
1579,0.021289075,0.7978741,2.6497018,0.5513618,19
1580,0.90341794,0.796194,3.353144,0.65692836,20
1581,0.109273255,0.33230513,3.5416913,0.74685925,21
1582,7.39014e-05,0.68202025,1.5362917,0.7560012,22
1583,0.6636907,0.32946864,2.705743,0.7429131,23
1584,0.19893683,0.75742424,1.8300372,1.0832958,0
1585,0.039993368,0.17972563,2.592853,0.5034945,1
1586,0.0319728,0.118860565,1.3949008,0.9349065,2
1587,0.1947748,0.08188997,4.231841,0.7025082,3
1588,0.013700343,0.8661978,3.8611135,0.83302224,4
1589,0.02202077,0.7386902,2.2870495,0.60142785,5
1590,0.99815327,0.88075036,1.1346213,0.5975097,6
1591,0.15518162,0.42933565,2.4675565,0.7328479,7
1592,0.8096155,0.45428672,3.9032412,0.71573675,8
1593,0.0009959091,0.58214134,1.1612206,1.0293897,9
1594,0.0034240524,0.6307376,3.5044794,0.8294923,10
1595,0.12703519,0.03823928,3.4997723,0.5843658,11
1596,0.43789563,0.69353795,1.3403628,0.93714905,12
1597,0.0005315844,0.36332396,3.0594687,0.7283905,13
1598,0.89251703,0.74084395,2.811117,0.5746837,14
1599,0.09408914,0.94447947,3.631465,0.8421943,15
1600,0.035417236,0.4260611,3.6804054,0.48920926,16
1601,0.77010405,0.43162873,2.5521805,0.64091414,17
1602,0.10605733,0.5425243,5.3127375,0.8796859,18
1603,0.89411837,0.72393644,2.3922179,0.60760343,19
1604,0.13925123,0.73824215,5.0577073,0.7131698,20
1605,0.23762535,0.36971205,3.029254,0.63828576,21
1606,0.0003062755,0.5487717,1.8411559,0.99754167,22
1607,0.12621008,0.5098532,2.390872,0.85255396,23
1608,0.00080438016,0.8436401,1.8158187,0.79453087,0
1609,0.000985181,0.13119824,1.4636493,0.67123646,1
1610,0.2483412,0.68278867,0.7613254,0.64673674,2
1611,0.42596045,0.073107004,4.5071673,0.9880518,3
1612,0.16053301,0.9280134,3.1491277,0.9034358,4
1613,0.6570766,0.7692589,2.8214426,0.48933354,5
1614,0.13482746,0.7142641,1.0874168,0.6862881,6
1615,0.31068623,0.47621235,1.5799748,0.6234645,7
1616,0.53381085,0.4834743,4.0243235,0.6159174,8
1617,0.98727036,0.7889924,2.2466486,0.90429,9
1618,0.23997329,0.53955245,3.2913687,0.75407445,10
1619,0.14568438,0.025589667,3.7308588,0.7442074,11
1620,0.38495526,0.3729436,1.199183,1.1959441,12
1621,0.008604701,0.35819697,2.3227253,0.820035,13
1622,0.23484688,0.8008342,3.3270242,0.7643449,14
1623,0.13213108,0.863332,4.279089,0.49103117,15
1624,0.021858612,0.28534207,3.544331,0.6125668,16
1625,0.86558914,0.5404947,3.2051873,0.67512476,17
1626,0.13362782,0.5932671,5.997131,0.56925064,18
1627,0.0058342027,0.9063306,2.3407106,0.8467758,19
1628,0.6264705,0.75087833,5.016576,0.46051526,20
1629,0.0448497,0.280103,3.8195448,0.75987965,21
1630,0.13594696,0.7404217,1.3787162,0.65964437,22
1631,0.6891733,0.40962926,2.2384233,0.7182687,23
1632,0.0003850297,0.74163234,2.1006455,0.66777533,0
1633,0.23234811,0.23055121,2.1750011,0.6848806,1
1634,0.9819356,0.83241254,1.4606034,0.77024275,2
1635,0.68930876,0.05509048,5.133825,0.7874501,3
1636,0.0057629533,0.77314836,3.3664713,0.80740225,4
1637,0.2167806,0.91755027,2.718241,1.0686119,5
1638,5.619477e-05,0.92993957,0.99358666,0.74163306,6
1639,0.4799848,0.5744781,1.980074,0.83189905,7
1640,0.6181468,0.42447764,4.5858936,0.6264954,8
1641,0.002472194,0.48194626,1.7937754,0.8505647,9
1642,0.0034381167,0.5373305,2.3869076,1.1635598,10
1643,0.8218623,0.019440224,3.7228603,0.6786587,11
1644,0.22210222,0.5758504,1.2036352,0.8211584,12
1645,0.23618853,0.31353036,3.0896914,0.6095111,13
1646,0.0022703595,0.8356033,2.8719468,1.1296456,14
1647,0.6783521,0.8931405,2.464642,0.98464286,15
1648,0.89210016,0.43964317,4.5336866,0.53106797,16
1649,0.022220714,0.7595724,4.027938,0.6763425,17
1650,0.31969085,0.36455053,5.215353,1.0523437,18
1651,0.0022886046,0.33885804,2.1060407,0.88959897,19
1652,0.033737123,0.82607126,5.1681185,0.40133,20
1653,0.89221346,0.4267131,4.6344805,0.86207,21
1654,7.276262e-05,0.69751245,1.0574255,0.80045605,22
1655,0.10633802,0.28005666,2.886226,0.93577707,23
1656,0.001772497,0.619473,1.1845889,0.7413164,0
1657,0.64714134,0.5345712,1.8803506,0.549141,1
1658,0.10283493,0.08573402,0.8582014,0.8986213,2
1659,0.42648175,0.07237139,4.87107,0.7528836,3
1660,0.30051643,0.8975646,4.410438,0.54126996,4
1661,0.82307696,0.7581471,2.9077122,0.6262017,5
1662,0.39725372,0.7929632,1.0499958,0.8712208,6
1663,0.039166555,0.3885639,2.3000605,0.8530697,7
1664,0.5941729,0.40213135,3.708271,0.6894144,8
1665,0.9466628,0.7809829,2.4527178,0.5628387,9
1666,0.008833509,0.6315991,3.0095456,0.68492895,10
1667,0.25566787,0.04734577,3.8791106,0.6534134,11
1668,0.45817727,0.735843,1.77426,0.8465835,12
1669,0.0068417713,0.41169295,2.0991395,0.8439252,13
1670,0.8512784,0.846036,2.6421828,0.6720624,14
1671,0.1288528,0.76414216,3.5321639,0.6461735,15
1672,0.9294803,0.5917982,3.6205492,0.4945867,16
1673,0.71988314,0.55047864,2.572508,0.94175583,17
1674,0.9862092,0.6040717,5.0835733,0.4372602,18
1675,0.92143965,0.8633866,2.799046,1.0382512,19
1676,0.018079327,0.76180905,3.4606686,1.0829167,20
1677,0.7047354,0.4489977,4.8833494,0.42130637,21
1678,0.89502656,0.7413205,1.4895205,0.62157345,22
1679,0.61876446,0.21029556,2.2569723,0.43227607,23
1680,0.7650679,0.5406873,1.2064968,0.9289105,0
1681,0.06276811,0.67800826,2.3135667,0.6044382,1
1682,0.7760764,0.47462857,1.0589507,0.7521188,2
1683,0.33088937,0.072294794,4.8638015,0.87818617,3
1684,0.028703941,0.899993,4.7639256,0.6433931,4
1685,0.072262384,0.7087666,4.1071706,0.46850267,5
1686,0.34963745,0.27331564,0.7417519,0.9475774,6
1687,0.80145115,0.2721965,2.3534312,0.47955558,7
1688,0.008010827,0.42685822,5.285928,0.79526746,8
1689,0.36450872,0.35572237,1.4300909,0.6750084,9
1690,0.3215954,0.64774156,3.4278548,1.112312,10
1691,0.61432093,0.02727299,4.0400867,0.7771012,11
1692,0.52884114,0.39296094,1.5006561,1.0626408,12
1693,0.7857837,0.3997576,2.7982032,0.59379286,13
1694,0.5214653,0.6319794,4.2062273,0.73038614,14
1695,0.7510396,0.5006495,3.693168,0.4694262,15
1696,0.0072377785,0.3312544,3.4109595,0.7084242,16
1697,0.064825445,0.52456814,1.5104222,0.6438173,17
1698,0.0016604087,0.330619,4.947118,0.8736534,18
1699,0.045948375,0.54711586,2.352729,0.72505236,19
1700,0.30507165,0.6671166,4.7607336,0.60681933,20
1701,0.005920368,0.39605007,3.7275336,0.67654,21
1702,0.67170954,0.7013595,1.9731579,0.7270116,22
1703,0.9446084,0.23974758,2.3805528,0.92359865,23
1704,0.9965257,0.81351453,1.8950322,0.4774871,0
1705,0.3727755,0.45001408,2.2748156,0.7327163,1
1706,0.01367801,0.57407665,1.2310698,0.84073836,2
1707,0.41890192,0.04759212,4.8182445,0.7296116,3
1708,0.5734331,0.8603506,3.2525082,0.61968195,4
1709,0.84418285,0.69296306,3.2225747,0.45309556,5
1710,0.6860899,0.44263735,1.2606969,0.77143914,6
1711,0.03443634,0.6009802,3.0895061,0.7807902,7
1712,0.0007244991,0.506587,4.030876,0.7086818,8
1713,0.44815663,0.4173034,2.081587,0.59824014,9
1714,0.19090833,0.6043112,3.8105419,0.6449577,10
1715,0.0005342731,0.044253737,3.4602726,0.7327104,11
1716,0.4402365,0.4839679,1.3196115,0.7686522,12
1717,0.29719394,0.30649826,2.1365318,0.9421753,13
1718,0.4742736,0.72472745,3.5949063,0.81335753,14
1719,0.11657536,0.7374776,3.7383482,0.6546453,15
1720,0.39572647,0.3570216,2.9029238,0.92820233,16
1721,0.035059474,0.54433,1.60044,0.79452986,17
1722,0.72387177,0.50404143,3.4264297,0.5804134,18
1723,0.54701644,0.7400909,3.3539028,0.7467544,19
1724,0.5624676,0.77284217,3.8475661,0.57911247,20
1725,0.044591177,0.34555718,3.73642,0.7508823,21
1726,0.96258205,0.78777456,1.65699,0.6245256,22
1727,0.0119832875,0.24407668,2.211462,0.62429225,23
1728,0.97427136,0.39644283,1.9810276,0.62417036,0
1729,0.28180316,0.62682736,1.6746178,0.55542874,1
1730,0.34132966,0.7157861,1.1649579,0.6763497,2
1731,0.6046135,0.051404268,5.4184937,0.69962347,3
1732,0.007835586,0.90129167,4.3254237,0.7864566,4
1733,0.5701292,0.7776943,3.583307,0.64336926,5
1734,0.018043976,0.55725116,0.635331,0.59808564,6
1735,0.2733007,0.25666746,2.3016305,0.6616712,7
1736,0.17968981,0.588306,4.5665216,0.6172659,8
1737,0.000293334,0.62763923,1.3819038,0.84515625,9
1738,0.4859577,0.5201849,3.3317313,0.7960588,10
1739,0.044638593,0.020985415,3.154391,0.8382807,11
1740,0.19826603,0.1494552,1.4891273,0.62639344,12
1741,0.0028077222,0.5345595,3.0629516,0.9807546,13
1742,0.9595833,0.8194508,3.9995286,0.9042908,14
1743,0.6103557,0.8318607,3.8875415,0.6521423,15
1744,0.5360059,0.54052866,3.7901053,0.9779316,16
1745,6.3242837e-06,0.43437383,2.6025605,0.8289164,17
1746,0.017876286,0.51811016,4.6727123,0.70705724,18
1747,0.72857404,0.8297638,2.7501783,0.7412558,19
1748,0.003046911,0.6818693,4.1507106,0.649916,20
1749,0.07135664,0.33970317,3.8704,0.8225844,21
1750,0.31147948,0.70741624,1.7092144,0.75052726,22
1751,0.021853292,0.19600081,4.261752,0.56257886,23
1752,0.08413224,0.7078289,1.4832221,0.7777679,0
1753,0.4088904,0.6148968,1.6440052,0.7886522,1
1754,0.028864143,0.88592184,1.7592642,0.6176621,2
1755,0.17372988,0.062947415,5.682275,0.8608207,3
1756,0.42163438,0.92565566,3.417831,0.60481364,4
1757,0.021670077,0.5556772,2.4365644,0.50298315,5
1758,0.9778896,0.38105127,0.5490272,0.472281,6
1759,0.009763247,0.22921766,2.363215,0.49817887,7
1760,0.43682095,0.572584,5.3366375,0.7831606,8
1761,0.90063715,0.36886925,1.5510069,0.8551163,9
1762,0.9540874,0.5161119,3.8750446,0.639183,10
1763,0.11841233,0.022560263,3.3581119,0.63874906,11
1764,0.5118773,0.6522708,1.4652754,1.277004,12
1765,0.0015619047,0.362537,3.3394551,0.7116773,13
1766,0.016561834,0.76570994,3.8918843,0.96343184,14
1767,0.9772914,0.9186987,3.2896013,0.46526128,15
1768,0.053920604,0.36950013,3.9351058,0.7121796,16
1769,0.10290184,0.69425076,2.7226546,0.7457955,17
1770,0.7926867,0.47162557,3.4454827,1.1254772,18
1771,0.0007416458,0.38868827,1.9009959,0.6972499,19
1772,0.3483458,0.76128685,3.3162878,0.6044608,20
1773,0.2655904,0.35214388,3.6832056,1.0254085,21
1774,0.0023924217,0.5118434,2.1129284,0.63073003,22
1775,0.0011115988,0.26008666,2.8696845,0.76200956,23
1776,0.026621401,0.6383361,1.7484266,0.72005236,0
1777,0.9103309,0.24155995,2.0889065,0.7139318,1
1778,0.9862389,0.42398897,1.5576401,0.7323647,2
1779,0.6203184,0.04731885,4.7743683,0.86329055,3
1780,0.9929547,0.8286177,4.3650537,0.55625725,4
1781,0.020627234,0.8690266,2.5541363,0.7199642,5
1782,0.14516093,0.9056034,1.059877,0.6183647,6
1783,0.2024425,0.5024545,2.174351,0.87731516,7
1784,0.94171375,0.3862623,5.447789,0.6938194,8
1785,0.72011733,0.53280336,1.7895819,0.95061034,9
1786,0.0019607039,0.611884,4.339128,0.6394878,10
1787,0.17507046,0.024413383,4.0532103,0.6541965,11
1788,0.29591992,0.63838845,1.7629783,0.87063617,12
1789,0.17965265,0.34323943,3.0185156,0.5372498,13
1790,0.00015238381,0.67721474,4.2002993,0.9430506,14
1791,0.9964424,0.8641977,3.7469604,0.6147052,15
1792,0.08877646,0.35312307,4.3527584,1.0421124,16
1793,0.030780207,0.6344956,2.7823627,0.54641205,17
1794,0.7705238,0.46649426,4.7485924,0.86414444,18
1795,0.0038600836,0.8110445,2.645813,0.5999494,19
1796,0.8698317,0.6221328,4.751033,0.6265807,20
1797,0.24770327,0.35871002,2.9748824,0.71688426,21
1798,0.6148164,0.6454419,1.4199564,0.6838144,22
1799,0.57916164,0.41055453,2.7820218,0.5053185,23
1800,0.9979614,0.8758517,2.2058673,0.62826514,0
1801,0.0028026283,0.51702106,2.6791859,0.5948427,1
1802,0.0031228203,0.8654253,2.2715335,0.97111195,2
1803,0.41803068,0.06569882,5.132841,0.6684688,3
1804,0.044204056,0.8851422,2.8343632,0.80417025,4
1805,0.004009686,0.9443317,2.4021838,1.2212899,5
1806,0.9793844,0.8468076,1.7179257,0.9544489,6
1807,0.6176981,0.44046897,2.296095,0.8464981,7
1808,0.063839525,0.47853163,4.797338,0.65309703,8
1809,0.0032175286,0.2233462,1.2818785,0.91240954,9
1810,0.08039005,0.6051518,2.716474,0.5888096,10
1811,0.26660803,0.022347268,3.3374462,0.6526012,11
1812,0.37784865,0.605623,2.159903,0.9603807,12
1813,0.28486305,0.30307347,3.3555112,0.86658597,13
1814,0.4344646,0.9126951,5.0699883,0.7222327,14
1815,0.0017667213,0.7976935,4.004469,0.94775105,15
1816,0.00013452632,0.29728377,4.0413017,0.7501536,16
1817,0.034843486,0.65543807,3.0585887,0.5646239,17
1818,0.19070613,0.43139958,3.9256978,0.7863489,18
1819,0.394039,0.40506482,2.213245,1.073942,19
1820,0.004632325,0.7387042,5.5633016,0.6809419,20
1821,0.7806424,0.41102612,3.7924733,0.9922555,21
1822,0.9993667,0.86696684,2.2040164,0.43541962,22
1823,0.87744707,0.21051738,3.302252,0.72211623,23
1824,0.03375098,0.842258,1.8735474,0.70553124,0
1825,0.19624276,0.45525816,2.3210964,0.7564748,1
1826,0.23227371,0.39079884,2.1038468,0.8818011,2
1827,0.6606709,0.07436725,5.1385794,0.5427625,3
1828,0.002770536,0.8204457,4.8500557,0.88688916,4
1829,0.0033971304,0.88201755,2.4833992,0.5723203,5
1830,0.00268904,0.3422759,0.9986007,0.93508893,6
1831,0.10309972,0.4272809,3.1303658,0.67597437,7
1832,0.9410474,0.47585878,4.770684,0.6591344,8
1833,0.9891339,0.65594184,2.0598404,0.57012904,9
1834,0.12825885,0.527476,3.0269818,1.0525452,10
1835,0.44217107,0.022335347,4.042174,0.6453234,11
1836,0.18515444,0.32246506,0.78271496,0.76210386,12
1837,0.84338385,0.5123726,3.842638,0.5435346,13
1838,0.049923096,0.7046927,3.8268132,0.60359746,14
1839,0.0033768003,0.7900738,4.0520806,0.6018986,15
1840,0.10657926,0.35966772,4.359303,0.60689914,16
1841,1.6439877e-05,0.5352063,2.2405105,0.8683195,17
1842,0.0946795,0.40597862,4.289792,0.49495447,18
1843,0.8719713,0.73033386,3.4265156,0.6272625,19
1844,0.0020417531,0.5912399,5.563212,0.7096782,20
1845,0.84668547,0.437989,2.847343,0.67969155,21
1846,0.99820566,0.49062648,0.80710703,0.47909576,22
1847,0.026338136,0.3861057,2.4881263,0.64990526,23
1848,0.00313355,0.58939856,2.317832,1.0513362,0
1849,0.7877151,0.46742922,2.0240076,0.65187424,1
1850,0.4021684,0.9568897,1.4451729,0.62791526,2
1851,0.49677315,0.058871582,5.3924513,0.7138527,3
1852,0.64319277,0.8246486,4.634937,0.5929043,4
1853,0.004133224,0.6170872,2.3509176,0.8851931,5
1854,0.9833277,0.94555664,1.6960866,0.7959684,6
1855,0.0017875028,0.6035493,2.171782,0.839191,7
1856,0.011333544,0.45217687,4.6224537,0.6883335,8
1857,0.87244004,0.39500487,1.8062148,0.66487575,9
1858,0.32511175,0.6195876,3.2392013,0.71380055,10
1859,0.8241197,0.025807811,3.7892582,0.6602762,11
1860,0.20641533,0.58758247,2.0882676,0.74405676,12
1861,0.0049990034,0.32850653,2.9566169,0.50625515,13
1862,0.004175743,0.70551413,5.023799,0.7188065,14
1863,0.6202441,0.8672978,4.7830725,0.61998796,15
1864,0.0015339165,0.3067186,3.8173752,0.81637615,16
1865,0.015286101,0.61129755,3.6278076,1.0382198,17
1866,0.97273964,0.50293887,4.469364,0.5658953,18
1867,0.66456306,0.7645935,2.2446284,0.84552693,19
1868,0.0044707605,0.7629724,3.8107753,0.6632754,20
1869,0.014732116,0.37576517,3.4508371,1.1044135,21
1870,0.9996425,0.7066369,1.7076744,0.5230797,22
1871,0.050804216,0.38496283,2.6206768,0.8055979,23
1872,0.5473007,0.6808904,1.8677237,0.6694746,0
1873,0.07684346,0.3928897,1.989661,0.9134105,1
1874,0.86732715,0.63612866,1.5848916,0.75507987,2
1875,0.7476381,0.07552514,5.6413503,0.6306612,3
1876,0.8837804,0.8019461,3.346276,0.6338116,4
1877,0.06537914,0.81683487,2.6822898,0.79545194,5
1878,0.0022189168,0.88585776,1.0536557,0.545503,6
1879,0.6089115,0.6418906,2.7125688,0.65958434,7
1880,0.005391495,0.33682838,3.371224,0.6422749,8
1881,0.0001339383,0.6629448,2.031694,0.85029054,9
1882,0.005180408,0.5059066,3.044093,1.1871244,10
1883,0.017323766,0.01776261,3.3412757,0.54825324,11
1884,0.09463097,0.5015688,1.6440942,0.6676537,12
1885,0.9963207,0.454701,2.8517365,0.66731745,13
1886,0.061753426,0.61728275,3.8102484,1.1207981,14
1887,0.004893763,0.83698255,4.1311264,0.6163514,15
1888,0.040810134,0.3704504,4.3475266,1.0004561,16
1889,0.00011609313,0.62538195,2.4736767,1.2481315,17
1890,0.058378622,0.5677627,4.9160485,0.8918259,18
1891,0.3449142,0.69681287,3.3586936,0.73299575,19
1892,0.6373736,0.6358623,3.0681944,0.5801367,20
1893,0.20143798,0.5153866,4.2235003,0.8404678,21
1894,0.3822058,0.76741374,1.7466681,0.5210204,22
1895,0.06191346,0.2721059,2.328025,0.5307867,23
1896,0.53597397,0.62095517,2.0629463,0.741559,0
1897,0.24704789,0.5619297,1.8849742,0.658618,1
1898,0.36364272,0.7543384,1.223393,1.0751985,2
1899,0.16553958,0.0781386,4.651131,0.9067266,3
1900,0.10092335,0.9566045,5.322168,1.0825974,4
1901,0.3710623,0.76121366,3.4810545,0.64127433,5
1902,0.0016994689,0.8553009,0.75988555,0.5503324,6
1903,0.15798467,0.43766564,3.4019418,0.31137866,7
1904,0.0525704,0.5021961,4.6094503,0.759194,8
1905,0.0011176005,0.29568827,1.4568168,0.7425916,9
1906,0.9324154,0.54033387,2.3180568,0.9923447,10
1907,0.0064740353,0.039626196,2.7495077,0.66922975,11
1908,0.43563184,0.48216793,1.1353765,0.979647,12
1909,0.9923993,0.26055366,2.9517438,0.5108907,13
1910,0.18520547,0.55939585,3.3370733,0.6558006,14
1911,0.38477343,0.70547485,3.4176102,0.87015444,15
1912,0.27288383,0.44692847,4.6736183,1.0119596,16
1913,0.06854036,0.55084234,2.8105278,0.9050557,17
1914,0.6402247,0.42971358,4.484071,0.7364944,18
1915,0.318126,0.8706341,1.8191665,0.7433282,19
1916,0.2690716,0.5873351,4.235726,0.6447017,20
1917,0.0022271771,0.38600042,4.2350435,0.82066447,21
1918,0.42255178,0.57584083,1.7084253,0.80650395,22
1919,0.2908832,0.37407792,2.5921602,0.71695256,23
1920,0.00050623383,0.8241788,1.4748445,0.9522021,0
1921,0.29727313,0.50263655,2.0330205,0.5487675,1
1922,0.29812998,0.81408894,1.2806921,0.61069214,2
1923,0.12537462,0.06629514,5.266972,0.78133035,3
1924,0.9977063,0.86990887,3.3695304,0.6726801,4
1925,0.12060011,0.45564398,2.3357706,0.6989086,5
1926,0.01871354,0.868562,1.0117729,1.0160599,6
1927,0.036561295,0.39077884,1.7723558,1.0402439,7
1928,0.09238862,0.49255785,5.3379374,0.6286787,8
1929,0.991827,0.90604883,2.9968839,0.6278556,9
1930,0.18386485,0.4575486,2.4018536,0.5962356,10
1931,0.28097782,0.028385935,3.6544714,0.6016226,11
1932,0.2751874,0.4653726,1.976399,0.85449344,12
1933,0.42168525,0.35130978,2.2527668,0.7650315,13
1934,0.37934014,0.81957746,3.185112,0.9406612,14
1935,0.3310848,0.8927206,2.5908637,0.54832685,15
1936,0.38434345,0.2664388,3.7000766,0.6792814,16
1937,0.00026136867,0.527044,1.9984167,0.79436016,17
1938,0.44100165,0.35278696,4.8595896,0.71188617,18
1939,0.0735012,0.6099691,3.0315146,0.7974565,19
1940,0.0035662416,0.72165626,4.8580494,0.829088,20
1941,0.04025789,0.31937003,3.9526176,0.647186,21
1942,0.16694885,0.5528428,1.5205963,0.7497132,22
1943,0.9978071,0.14564757,2.430803,0.6892321,23
1944,0.0022506819,0.4731633,1.6797447,0.92518365,0
1945,0.13339104,0.63417506,2.3717375,0.89808035,1
1946,0.057893295,0.41005698,0.82021105,0.6414282,2
1947,0.08994839,0.08210118,4.3268433,0.690797,3
1948,2.232471e-05,0.80368537,4.4977245,1.2791222,4
1949,0.07767911,0.87472594,4.201385,0.63514376,5
1950,0.0013041961,0.5839107,0.8235674,0.5979136,6
1951,0.15269157,0.618937,2.7986548,0.5516176,7
1952,0.10475964,0.29922497,3.3953216,0.51526,8
1953,0.35154834,0.37010586,1.7426444,0.7324405,9
1954,0.24860851,0.45004565,2.2731547,0.5262946,10
1955,0.74724793,0.011676192,2.7161999,0.500405,11
1956,0.65014344,0.7313797,2.3228858,0.9663028,12
1957,0.017131865,0.37967667,3.188336,0.44740075,13
1958,0.57580817,0.76352876,3.2902944,0.52649,14
1959,0.041745834,0.7759961,4.332974,0.52544063,15
1960,0.0021490627,0.34927043,4.327487,1.0103978,16
1961,8.807745e-05,0.32009,1.8722672,0.7616418,17
1962,0.7539484,0.54626447,3.5976825,0.56583893,18
1963,0.86366963,0.7604334,3.1336875,0.7268583,19
1964,0.096823364,0.7492465,4.15162,0.5114821,20
1965,2.5500573e-05,0.42179358,3.1508064,1.2983897,21
1966,0.023160195,0.48606935,1.356346,1.2681018,22
1967,0.049833383,0.2741039,1.9247348,0.7500017,23
1968,0.9593537,0.65178156,1.8036356,0.74294233,0
1969,0.113433085,0.5083935,1.9052941,0.69918424,1
1970,0.05420059,0.5859696,0.9017415,0.6802731,2
1971,0.087933846,0.12408356,6.07285,0.53305525,3
1972,0.9535562,0.9338883,4.1304474,0.7770513,4
1973,0.15080424,0.8786801,3.428571,0.87004095,5
1974,0.008283803,0.6816616,1.9062583,0.53782886,6
1975,0.14627986,0.5770043,2.6943135,0.60353494,7
1976,0.49093452,0.3946033,4.7747684,0.58879733,8
1977,0.9858503,0.6492079,2.473661,1.2407501,9
1978,0.054700438,0.47151986,3.1737757,0.5517983,10
1979,0.106374994,0.033427604,4.01044,0.40188837,11
1980,0.47987652,0.68693745,1.3827815,0.631684,12
1981,0.003367811,0.3496114,3.54171,0.83352274,13
1982,0.034358848,0.6666648,3.4804237,0.7584332,14
1983,0.0028686859,0.8610702,3.6076255,1.0730985,15
1984,0.5501558,0.32910264,3.3372948,0.47695768,16
1985,0.024933366,0.74101615,2.6234648,0.7260423,17
1986,0.019049237,0.38076204,4.3075852,0.7057983,18
1987,0.9064337,0.6437519,2.7674532,0.5027414,19
1988,0.0101108495,0.7162884,5.0150604,0.53095746,20
1989,0.27290618,0.35169634,3.3023367,0.7145736,21
1990,0.22560793,0.4173935,1.0992875,0.58738816,22
1991,0.2975292,0.3435328,2.5012274,0.5485363,23
1992,0.042359937,0.6148228,1.4930797,0.6058302,0
1993,0.8416923,0.31409633,1.3772523,0.6583256,1
1994,0.8942607,0.7708733,0.7804395,0.5840345,2
1995,0.18644,0.07767298,5.9776087,0.7170838,3
1996,0.7018142,0.8138551,3.9181085,0.5002413,4
1997,0.011029257,0.7335691,2.7701113,0.6842691,5
1998,0.035035316,0.705731,0.82736343,0.8599907,6
1999,0.0001467462,0.6739676,3.1757066,1.0851305,7
2000,0.00032110972,0.5542369,4.9914794,0.89384985,8
2001,0.06257973,0.4430388,2.3348942,0.6937499,9
2002,0.12211068,0.4582301,2.704644,0.7503707,10
2003,0.119846106,0.024236374,3.0243256,0.6317599,11
2004,0.44793034,0.6560268,2.0130136,1.0473284,12
2005,0.5075132,0.34329045,2.8738298,0.7759866,13
2006,0.20660888,0.7238254,3.1165366,0.5176537,14
2007,0.64067876,0.88529927,4.203466,0.6420878,15
2008,0.045974825,0.3352547,3.7055037,0.8070886,16
2009,0.9973029,0.49000412,3.262765,0.6781198,17
2010,0.008664064,0.5704847,5.969884,0.74934995,18
2011,0.5850476,0.76091254,2.5318904,0.62751734,19
2012,0.105741665,0.6104567,3.2623484,0.6197432,20
2013,0.93184835,0.47566548,4.4881563,0.7088953,21
2014,0.06309464,0.67595315,2.2622986,0.54064876,22
2015,0.60665447,0.31718686,2.1972854,0.78407454,23
2016,0.34922388,0.63757503,1.5127277,0.75897014,0
2017,0.9254157,0.5092675,1.969795,0.6229853,1
2018,0.99049616,0.92151284,1.6955369,0.86279505,2
2019,0.85702336,0.036472388,3.6408896,1.0729964,3
2020,0.46772376,0.79578644,4.236373,0.7791655,4
2021,0.22739142,0.68627924,3.7488172,0.7583811,5
2022,0.018779123,0.37525925,0.88352466,0.41370097,6
2023,0.17474715,0.5920653,2.2800388,0.68036944,7
2024,0.006036071,0.6245344,5.512876,0.6730496,8
2025,5.3026157e-05,0.3666737,1.9446955,0.99239314,9
2026,0.15589298,0.6559681,3.2292984,0.5708141,10
2027,0.42808416,0.02304773,4.561186,0.70001423,11
2028,0.5353375,0.7521991,1.2835516,1.044479,12
2029,0.03543406,0.20591393,1.7512023,0.7997531,13
2030,0.2603932,0.7881774,3.2314796,0.5456673,14
2031,0.17315418,0.77063596,3.343134,0.88357,15
2032,0.018525753,0.27279875,4.202219,1.0592289,16
2033,0.33248577,0.74261284,3.499775,0.96962357,17
2034,0.95397604,0.5454588,4.955475,0.54952383,18
2035,0.93513477,0.39714283,2.3434355,0.49536955,19
2036,0.48660505,0.7214244,4.349746,0.79273593,20
2037,0.12393024,0.29001966,3.0173187,0.5149553,21
2038,0.90217304,0.76407737,2.5568476,0.69695437,22
2039,0.87068105,0.37618113,1.9385054,0.791836,23
2040,0.11646031,0.51965284,2.263876,1.0824045,0
2041,0.27844456,0.6002242,2.922276,0.67242056,1
2042,0.18788762,0.8839158,3.3544493,0.64320827,2
2043,0.23640664,0.065810055,4.909504,0.6584612,3
2044,0.00083467655,0.88973844,3.8733196,1.2255259,4
2045,0.27752167,0.8080656,2.805784,0.7090032,5
2046,0.0049008178,0.7035053,1.4366363,0.63026667,6
2047,0.7712814,0.7537187,2.8982499,0.69323075,7
2048,2.8070255e-05,0.4551438,3.505865,0.6274744,8
2049,0.72803295,0.34163088,1.7172203,0.6900075,9
2050,0.029410414,0.6523631,3.2853591,0.9677278,10
2051,0.66756576,0.026889462,4.8351483,0.58814776,11
2052,0.24468271,0.49316904,0.7880672,0.87971574,12
2053,0.05806354,0.43169057,2.3843298,0.75759894,13
2054,0.7920016,0.46051273,2.8889232,0.96973956,14
2055,0.00047160394,0.85716516,5.093444,0.75249124,15
2056,0.6832974,0.4234802,3.439838,0.7278395,16
2057,0.27492705,0.4038011,1.5177457,0.6092303,17
2058,0.7782195,0.48816222,4.159174,0.5260608,18
2059,0.42268443,0.8224136,3.0059867,0.96826524,19
2060,0.0035582017,0.68200284,4.73061,0.8324862,20
2061,0.6279759,0.46214214,3.4619453,0.72752166,21
2062,0.00020127824,0.55663055,1.1480842,1.0268167,22
2063,0.99592954,0.15212442,2.903749,0.73267984,23
2064,0.979505,0.5556876,1.3001643,0.4954576,0
2065,0.34492284,0.53246903,2.9216337,0.65617204,1
2066,0.93524617,0.763654,2.569833,0.7963968,2
2067,0.34003997,0.07443338,5.3054757,0.71616733,3
2068,0.47087896,0.90858525,4.009934,0.5699817,4
2069,0.88331354,0.48328173,3.114696,0.52346426,5
2070,0.07468234,0.71287185,1.2115269,0.65213376,6
2071,0.11402751,0.45729506,2.705245,0.7226132,7
2072,0.022796199,0.28891358,4.8235836,0.5540178,8
2073,9.55382e-07,0.65456647,2.2435548,0.93593407,9
2074,0.46552092,0.6499174,2.91599,0.80237234,10
2075,0.8932152,0.014192533,3.4977415,0.9215996,11
2076,0.31979543,0.35420895,1.8334043,0.7004632,12
2077,0.0022952394,0.3488217,2.308281,0.60302114,13
2078,0.9901924,0.73934454,3.3196247,0.38378203,14
2079,0.0013214546,0.89671123,3.1735535,0.81924343,15
2080,0.009486268,0.43474147,4.466997,0.64192826,16
2081,0.00018647505,0.5852317,2.1830375,1.0981737,17
2082,0.68278706,0.50989234,4.0093527,0.70112944,18
2083,5.838161e-05,0.7540038,3.3955312,0.96786207,19
2084,0.25670356,0.7617175,3.9007914,0.7512205,20
2085,0.98535466,0.39630124,3.2839746,0.70447946,21
2086,0.15652613,0.6953612,1.3109589,0.80209047,22
2087,0.05438116,0.2280429,2.420444,0.5681573,23
2088,0.9707925,0.8157248,2.3260915,0.664247,0
2089,0.04208823,0.6847199,2.066061,0.63217413,1
2090,0.94127625,0.16368692,1.9728215,0.35111928,2
2091,0.34870493,0.05325457,4.624254,0.79783666,3
2092,0.7409155,0.79560554,4.7695804,0.70590806,4
2093,0.017861139,0.84733516,3.8664236,0.6858775,5
2094,0.016378393,0.18998098,1.1880634,0.75333977,6
2095,0.002151851,0.4949096,3.6460009,0.71024764,7
2096,0.00019716981,0.66748047,4.4272385,0.6037865,8
2097,0.17064522,0.5361546,1.6773651,0.69501615,9
2098,0.687398,0.6488241,2.9957354,1.0522895,10
2099,0.02107873,0.020503365,3.6812937,0.58345395,11
2100,0.4530513,0.18822256,1.4265244,0.9062272,12
2101,0.005167383,0.3898784,3.0359042,0.6642962,13
2102,0.18809104,0.42350468,3.910425,1.0473574,14
2103,0.019274643,0.74782926,3.919783,1.0069075,15
2104,0.05188486,0.33184543,3.0432534,0.8083803,16
2105,0.3774018,0.6999629,2.39933,0.5892135,17
2106,0.98854876,0.573826,5.163589,0.43813634,18
2107,0.9897649,0.6528343,3.311347,0.7249818,19
2108,0.014078471,0.7558195,5.2668276,0.7645908,20
2109,0.0065360623,0.36048466,3.081416,0.82312727,21
2110,0.00012811895,0.40100724,1.8815782,1.0608264,22
2111,0.5101955,0.24522679,3.1896968,0.6036593,23
2112,0.6530577,0.82468635,2.8580298,0.72343177,0
2113,0.0014214781,0.42566434,1.9563766,0.6308789,1
2114,0.79881644,0.9477083,1.4343967,0.68768466,2
2115,0.13780873,0.089400865,4.798406,0.48273858,3
2116,0.7948373,0.87325424,3.6629083,1.1665294,4
2117,0.9280603,0.60108984,3.332745,0.69256353,5
2118,0.11329781,0.43789577,1.8181674,0.721331,6
2119,0.018521886,0.84753805,2.9833431,0.8585861,7
2120,0.60669875,0.5698846,3.5953019,0.74463755,8
2121,0.2812636,0.48287973,2.5306582,0.9542492,9
2122,0.09322165,0.4629732,3.7559807,0.47355655,10
2123,0.17320003,0.027625153,3.6650836,0.7475967,11
2124,0.38569123,0.54232407,1.5166929,0.7843052,12
2125,0.3137104,0.39199635,3.4834554,0.62629396,13
2126,0.63136286,0.8519896,2.9282985,0.8329695,14
2127,0.33019873,0.8358769,3.8608332,0.49743867,15
2128,0.71248245,0.46555436,4.4086304,0.7290169,16
2129,0.00037882477,0.70500135,3.3645794,1.0660918,17
2130,3.0743184e-05,0.37616348,4.251717,0.7652444,18
2131,0.12825891,0.5247386,1.5624096,0.66940844,19
2132,0.99290127,0.62549067,3.6928627,0.56768334,20
2133,0.3081994,0.404063,2.7102587,0.7372347,21
2134,0.035465546,0.5503599,1.0026764,1.0253873,22
2135,0.7131228,0.50132877,2.8199034,0.71595144,23
2136,0.020519024,0.82712007,1.7766823,0.9305372,0
2137,0.062313873,0.44845867,1.5093756,1.0577145,1
2138,0.5818878,0.92097056,1.2075675,0.74385667,2
2139,0.46938646,0.05843567,6.020243,0.45958892,3
2140,0.00024152714,0.8657435,5.781174,0.9386604,4
2141,0.41265425,0.67448926,2.5547864,0.5699427,5
2142,0.97459555,0.62955123,1.1480742,0.7966863,6
2143,0.9502692,0.33042264,1.5855172,0.70761514,7
2144,0.5932349,0.4327836,3.4029677,0.44836253,8
2145,0.06989161,0.38616207,1.84368,0.62648886,9
2146,0.695998,0.6534187,3.113409,0.75934637,10
2147,0.46469617,0.014760894,3.4494617,0.6285777,11
2148,0.32994926,0.4836092,1.5423439,1.256658,12
2149,0.0025457516,0.2238464,2.8311105,0.6000472,13
2150,0.021129545,0.74127424,3.4627662,0.7234987,14
2151,0.9961641,0.81599575,3.5863304,0.5351536,15
2152,0.488566,0.3277958,4.061345,0.70144033,16
2153,0.8054825,0.7550097,3.2949958,1.2718627,17
2154,0.0047532143,0.5736776,4.3339453,0.5444578,18
2155,0.17511956,0.60980505,2.2123387,0.86972946,19
2156,0.88397545,0.7387568,4.002737,0.49735638,20
2157,0.81148183,0.43551546,3.987063,0.8572494,21
2158,0.36130258,0.7158246,1.6405224,0.8966405,22
2159,0.117709525,0.1988356,1.6797782,0.7348871,23
2160,0.22238173,0.7901534,2.105689,0.79851127,0
2161,0.005588115,0.37865022,2.27486,0.81250465,1
2162,0.9165394,0.47508714,1.534695,0.74517477,2
2163,0.57481235,0.051184766,4.8895097,0.68800575,3
2164,0.16238503,0.80571485,3.6289904,1.0496737,4
2165,0.22723207,0.89785796,2.9649,0.7148412,5
2166,0.39696127,0.8495934,0.9138565,0.5353327,6
2167,0.17263405,0.35838613,3.0526652,0.8615131,7
2168,0.07024542,0.59916264,4.5589833,0.8658969,8
2169,0.06988106,0.4536413,2.3183193,0.98266214,9
2170,0.051251758,0.51108986,3.3485029,0.89673865,10
2171,0.017490856,0.0360601,3.878902,0.73670065,11
2172,0.45168757,0.7786261,1.6738642,0.792994,12
2173,0.9683203,0.2790438,2.13894,0.56878966,13
2174,0.69548905,0.84350395,4.7840457,0.49127135,14
2175,0.28520927,0.9385719,3.302094,0.5562704,15
2176,0.00083699264,0.34793088,3.1248803,0.73511803,16
2177,0.9798707,0.664239,2.7576637,0.71638656,17
2178,0.23316902,0.50331277,4.730713,0.8516184,18
2179,0.07701376,0.6591604,1.8445163,0.82064784,19
2180,0.0004916715,0.6568455,3.959061,0.67791307,20
2181,0.012999904,0.4027237,3.0944529,1.0042257,21
2182,0.17480843,0.47029865,1.4573628,0.7638443,22
2183,0.38781458,0.2330942,3.5843694,0.6805084,23
2184,0.99471176,0.7278971,2.2652562,0.5824591,0
2185,0.9906741,0.39948446,1.8965507,0.79096913,1
2186,0.0397539,0.95514816,0.8827129,0.8779974,2
2187,0.41903618,0.05412401,6.0702305,0.832778,3
2188,4.2765937e-06,0.9006159,4.671156,1.0868882,4
2189,0.10862879,0.8519979,3.2529864,0.5828664,5
2190,0.97505265,0.64643145,1.0815204,0.35953,6
2191,0.03881083,0.68337095,3.4660828,0.8113155,7
2192,0.5259042,0.64790106,4.390358,0.7969162,8
2193,0.20345,0.5775641,1.761977,0.9831313,9
2194,0.045405947,0.4941427,3.459555,0.7093054,10
2195,0.0006591128,0.048007365,3.5032067,0.53919536,11
2196,0.4148211,0.59538054,0.8560879,0.7448044,12
2197,0.01584922,0.47786117,3.2467997,0.7644487,13
2198,0.9464667,0.8757423,2.9158223,0.6473855,14
2199,0.013503687,0.7661567,3.8690326,0.94700706,15
2200,0.1532397,0.4076464,4.2767506,0.77404016,16
2201,0.010152886,0.7157528,2.463614,0.62724894,17
2202,0.0010350149,0.36309415,4.529319,0.89408785,18
2203,0.34498504,0.7044354,2.1454508,0.7762375,19
2204,0.021716204,0.7950075,3.3630462,0.7817285,20
2205,9.7342e-05,0.46207687,4.6851954,1.2273265,21
2206,0.026712742,0.5151068,2.5139284,0.7504493,22
2207,0.048221134,0.32090014,2.5343342,0.9667506,23
2208,0.008368284,0.64696294,2.1287603,0.9838122,0
2209,0.008156446,0.70724964,2.7166977,1.226523,1
2210,0.47013873,0.91072947,1.5607013,0.68165785,2
2211,0.4129493,0.07343938,3.8239527,0.9607604,3
2212,0.00059027085,0.7587633,4.805965,0.9062048,4
2213,0.33757052,0.86005807,3.0767913,0.495126,5
2214,0.77685267,0.4337183,0.7806801,0.6887853,6
2215,0.08996593,0.33045614,3.0348668,0.5842817,7
2216,0.3668477,0.345718,3.5194395,0.57657427,8
2217,0.0015605408,0.46255276,1.2191734,0.6743648,9
2218,0.6988665,0.6393509,3.0287547,0.5860731,10
2219,0.010145303,0.042837773,3.1044018,0.8942134,11
2220,0.2837503,0.38403475,1.2028542,0.7869783,12
2221,0.0017242973,0.3662904,3.8633707,0.93564606,13
2222,0.0012471083,0.88035023,4.290082,1.0560194,14
2223,0.009581899,0.70453095,4.516714,0.61711097,15
2224,0.0001544554,0.2773977,4.254757,0.91915816,16
2225,0.050870206,0.31234065,1.8129852,0.94510746,17
2226,0.0068938024,0.45334554,5.0365634,0.8635265,18
2227,0.8526033,0.9053267,2.806679,0.8103278,19
2228,0.70542884,0.4719056,3.9387393,0.8152536,20
2229,0.9038224,0.35642216,5.393299,0.811423,21
2230,0.9733691,0.7713664,1.7738538,0.38063008,22
2231,0.6981949,0.32933864,2.876296,0.80744475,23
2232,0.045521323,0.9017288,1.9783474,0.7463057,0
2233,0.62542456,0.44809264,1.366502,0.9015405,1
2234,0.23881654,0.5111511,1.6412257,0.8735951,2
2235,0.4860529,0.05680518,5.936326,0.6701618,3
2236,0.08060936,0.91025865,3.4795427,0.92741853,4
2237,0.86076266,0.9060464,2.6994183,0.7739058,5
2238,0.6759091,0.69465774,1.7522178,0.66470927,6
2239,0.29065347,0.37490082,1.7663158,0.55851835,7
2240,0.59427476,0.28257626,3.5277724,0.5390849,8
2241,0.0067559048,0.5833234,3.0529764,0.95940876,9
2242,0.6952968,0.34865192,2.8812563,0.61823994,10
2243,0.0075781737,0.025200615,2.7877908,0.99767184,11
2244,0.5030153,0.3084229,1.3036718,0.6490053,12
2245,0.16299184,0.4273282,2.7906237,0.7380055,13
2246,0.00088818226,0.85369813,3.8828375,0.6891463,14
2247,0.0013019299,0.88084215,4.2470026,0.76710945,15
2248,0.72151893,0.41935015,3.7249174,0.86033016,16
2249,0.8635796,0.40828407,1.5495102,0.47216,17
2250,0.015534835,0.56475246,5.22037,0.84274465,18
2251,0.94466394,0.8747393,2.1050324,0.72908294,19
2252,0.3158781,0.74654704,4.8201094,0.68972313,20
2253,0.18783553,0.27970082,3.9103887,0.6652656,21
2254,0.99857116,0.42370033,2.0114262,0.38347238,22
2255,0.089599304,0.14383262,2.8211818,0.607125,23
2256,0.061681397,0.6956796,1.4523215,1.1383084,0
2257,0.09811213,0.14350936,1.646924,0.73568577,1
2258,0.9428658,0.76470494,1.4346157,0.5813827,2
2259,0.799954,0.07885837,5.4127164,0.6451688,3
2260,7.579106e-05,0.7092414,4.1035814,0.91382754,4
2261,0.8599825,0.6948721,2.7008061,0.5337812,5
2262,0.39072254,0.8096289,1.1139942,0.74519926,6
2263,0.2679018,0.2617711,2.0930102,0.7199052,7
2264,0.9011495,0.501694,4.2429395,0.8821871,8
2265,0.0093634995,0.6980806,2.059109,1.0119897,9
2266,0.0043772566,0.45869166,2.8080728,0.6999681,10
2267,0.037747484,0.02191703,3.0758975,0.6966749,11
2268,0.26708987,0.7429839,1.7439613,0.8651114,12
2269,0.62350297,0.41672584,2.186832,0.6166705,13
2270,0.8655086,0.81070346,2.6581059,0.6283902,14
2271,0.9685167,0.7359466,4.5562944,0.5455791,15
2272,0.01675437,0.38329294,3.6211398,0.9285883,16
2273,0.92578065,0.73336095,2.4547238,0.6842613,17
2274,0.0030560426,0.64460486,5.356562,0.46820545,18
2275,0.021174897,0.42320564,1.8016622,0.50893086,19
2276,0.038107544,0.7010253,4.1307526,0.7653921,20
2277,0.8549768,0.36910668,3.4773273,0.5847479,21
2278,0.00020927003,0.6375035,2.4016657,0.6907735,22
2279,0.9296475,0.32837868,1.7450737,0.9682203,23
2280,0.016806263,0.53264284,1.9371667,0.8670671,0
2281,0.0014071936,0.23162241,1.7370715,0.80790627,1
2282,0.39472184,0.8367117,1.0330961,0.47648507,2
2283,0.23025212,0.053098124,3.5109925,0.5932151,3
2284,5.1011542e-05,0.91156536,5.143709,1.1182883,4
2285,0.16272464,0.8705008,2.6896622,0.5558341,5
2286,0.006298393,0.60551673,0.7785164,0.65268755,6
2287,0.32611826,0.52273977,2.0631635,0.62998855,7
2288,0.11531133,0.44482878,4.417961,0.47703075,8
2289,0.9244484,0.42174503,1.7338251,0.8149141,9
2290,0.12388638,0.60835445,2.5178986,0.8777031,10
2291,0.855876,0.018354721,3.2159014,0.7681029,11
2292,0.47536004,0.5944874,2.1708882,0.9041602,12
2293,0.9948802,0.3692797,1.8335981,0.5173485,13
2294,0.0019214884,0.83577603,3.7266312,0.7767358,14
2295,0.9232127,0.7907598,3.1961033,0.8273229,15
2296,0.9118085,0.43538156,3.9683757,0.69480723,16
2297,0.056037407,0.5915868,2.8197076,0.70262283,17
2298,0.8728172,0.47200018,4.9443083,0.8677149,18
2299,0.0010601378,0.6363452,1.9219551,0.96696526,19
2300,0.8153004,0.6313793,5.0382595,0.4555276,20
2301,0.15344237,0.3831276,4.0857615,0.7405348,21
2302,0.8958721,0.5812856,1.0711608,0.4767169,22
2303,0.21565862,0.27565756,3.0605972,0.7362683,23
2304,2.1220212e-05,0.62215304,1.7161657,1.119083,0
2305,0.41050488,0.47775316,1.3463805,1.013582,1
2306,0.57127726,0.77757007,0.97194785,0.6442785,2
2307,0.70877385,0.05078262,4.835588,0.51912653,3
2308,0.0042882,0.8918864,4.7351103,0.7462921,4
2309,0.023473816,0.7534757,2.9527102,0.6504083,5
2310,0.00015752472,0.91275954,2.3438709,0.9879967,6
2311,0.024178948,0.5148399,3.1830316,0.8632637,7
2312,0.049278904,0.5051776,5.0100183,0.66277236,8
2313,0.091998,0.37850016,2.979127,0.5467409,9
2314,0.7874113,0.49466506,3.4674146,0.721045,10
2315,0.12287204,0.021140644,3.3999019,0.690153,11
2316,0.27095285,0.59822494,1.291626,0.7108963,12
2317,0.44376755,0.25372836,2.1755507,0.88595426,13
2318,0.631047,0.65690404,3.8567119,0.8712208,14
2319,0.9993724,0.8972324,2.9500196,0.6110339,15
2320,0.003697108,0.41015083,3.6034522,0.8346311,16
2321,0.22339402,0.7590676,2.6290727,0.58559227,17
2322,0.01772258,0.6004969,4.5170674,0.94698244,18
2323,0.70870376,0.89739877,3.344665,0.6725761,19
2324,0.206265,0.77718663,4.425808,0.7215456,20
2325,0.25311178,0.5171369,3.7498264,0.9206984,21
2326,0.029520651,0.512275,1.880856,1.0403934,22
2327,0.66074324,0.22068347,2.978128,0.7349914,23
2328,0.00027377126,0.6276971,2.2044826,0.66057587,0
2329,0.007785069,0.25369927,1.5931787,0.85912997,1
2330,0.48900118,0.7744719,1.186939,0.9365879,2
2331,0.36414775,0.07323149,4.659007,0.7894235,3
2332,0.6522855,0.9379139,4.7206826,0.6120012,4
2333,0.023684116,0.534678,3.770208,1.0000249,5
2334,0.6856203,0.62790376,0.86360455,0.620885,6
2335,0.26705495,0.2851164,1.5591663,0.5494155,7
2336,0.000579253,0.47511002,4.8092155,0.7499948,8
2337,0.12450503,0.5017282,2.1888733,0.7929827,9
2338,0.012111717,0.6558838,3.2077286,0.54482293,10
2339,0.2739731,0.031957418,4.4936266,0.55890393,11
2340,0.35882512,0.42769822,1.8293335,0.728547,12
2341,0.0033145216,0.27608547,2.3641386,0.6372019,13
2342,0.85768056,0.83496666,3.0948236,0.58618516,14
2343,0.020924987,0.7366091,4.2860594,0.6856998,15
2344,0.13215436,0.20520927,4.0729914,0.79726565,16
2345,0.00420874,0.5437181,1.5405201,1.1038473,17
2346,0.067292966,0.53214306,4.966129,0.5663575,18
2347,0.2978302,0.6763414,2.6435442,0.60096043,19
2348,0.95577425,0.7388518,3.8105073,0.4469548,20
2349,0.6782581,0.50863546,3.612495,0.98791754,21
2350,0.009876791,0.5797002,1.3205212,0.70347637,22
2351,0.97568387,0.3016573,2.6257515,0.66119504,23
2352,0.6343103,0.5723887,1.3886923,0.9765297,0
2353,0.79917496,0.59565985,1.8361503,0.67998177,1
2354,0.90895665,0.28751725,0.8620529,0.6259626,2
2355,0.43503153,0.092029296,5.7934885,0.6269241,3
2356,0.98108405,0.8864905,4.0317626,0.4287997,4
2357,0.03138621,0.7773988,2.7263536,0.8031431,5
2358,0.8330576,0.3472646,0.7457351,1.3009093,6
2359,0.11930525,0.25096658,1.6798468,0.8849895,7
2360,0.0082511455,0.39236182,3.4672272,0.87107146,8
2361,0.9986345,0.47117788,1.6781043,0.60700935,9
2362,0.38169873,0.5249886,3.0612004,0.70073426,10
2363,0.004880804,0.022906391,2.8132339,0.724931,11
2364,0.49661553,0.8235225,2.2352946,0.9973104,12
2365,0.000293259,0.3814913,2.4534426,0.96249306,13
2366,0.08715432,0.58077425,3.6266284,0.86677545,14
2367,0.0004435494,0.86760455,2.987181,0.93874985,15
2368,0.71722275,0.37825286,3.968178,0.6653995,16
2369,0.9651622,0.61008704,3.1167648,0.5818348,17
2370,0.9878962,0.48657402,5.101084,0.64505935,18
2371,0.8093095,0.66275173,2.2072008,0.7578551,19
2372,0.515139,0.5852818,4.455453,0.60062283,20
2373,0.023483299,0.4618829,3.4629395,0.9707867,21
2374,0.00019823296,0.40228957,1.7868818,1.0881299,22
2375,0.0010333606,0.28766918,2.74711,0.586384,23
2376,0.008410297,0.5392052,1.5625141,0.4821607,0
2377,0.021353416,0.18839228,2.1644888,0.9220772,1
2378,0.80013186,0.7913841,1.2213563,0.8667522,2
2379,0.8409635,0.045674115,5.2698874,0.76113695,3
2380,0.10132637,0.77246356,4.1920485,0.7937622,4
2381,0.036774565,0.7300837,3.6531427,0.8847224,5
2382,0.008660915,0.95637673,1.078481,0.8885367,6
2383,0.003906538,0.33508596,2.3887572,0.6042065,7
2384,0.08604209,0.37494096,5.4884195,0.52236605,8
2385,0.00020392005,0.17028773,2.041004,0.7383752,9
2386,0.5283297,0.44428164,3.8000133,0.579262,10
2387,0.14864397,0.03233526,3.6920695,0.7710434,11
2388,0.48048314,0.5830224,1.4888114,0.8967555,12
2389,0.08149792,0.24376008,2.7239575,1.3582689,13
2390,0.0034640357,0.70459116,3.5544133,0.62606,14
2391,0.88794035,0.88726485,3.284947,0.6818613,15
2392,0.5747091,0.38325468,2.4667397,0.80244076,16
2393,0.9270315,0.79021543,2.3242428,0.570767,17
2394,0.4724306,0.49384436,3.5116627,0.7846007,18
2395,0.6516759,0.8287615,3.443209,0.85160136,19
2396,0.7258119,0.8579459,5.462733,0.5663481,20
2397,0.98631245,0.28646606,3.4845552,0.7646767,21
2398,0.72543514,0.46517038,1.4817704,0.63695216,22
2399,0.012458861,0.25992918,2.465756,0.8419546,23
2400,0.9182399,0.8116229,2.2804503,0.8368863,0
2401,0.027388161,0.32998747,2.051294,0.59881467,1
2402,0.021948593,0.24235438,1.2109686,0.7613572,2
2403,0.5718216,0.052007034,5.535727,0.72742456,3
2404,2.4842682e-06,0.8559901,3.7932305,2.1910923,4
2405,0.29477847,0.8629924,3.3947096,0.8128674,5
2406,0.6569677,0.46271855,1.1124327,0.72659224,6
2407,0.48378152,0.42196506,2.2449982,0.62934464,7
2408,0.3846564,0.5830406,3.3891597,0.7977997,8
2409,0.036324684,0.28635627,1.0489385,1.0129743,9
2410,0.04610096,0.64628386,2.818781,1.0155613,10
2411,0.004977407,0.02355501,3.1591632,0.820108,11
2412,0.2927455,0.35919738,1.2412103,1.0518169,12
2413,0.03709132,0.33808178,2.5108223,0.8953116,13
2414,0.97088766,0.59902394,3.3567069,0.7751348,14
2415,0.99585694,0.94453615,3.7774382,0.4113242,15
2416,0.13804178,0.26579365,4.1300344,0.79023904,16
2417,0.4489066,0.7575586,1.8627702,0.6249807,17
2418,0.14282152,0.672657,4.5930414,0.66587114,18
2419,0.00048488905,0.74369526,3.1758058,1.0776519,19
2420,0.9238606,0.77077585,4.241666,0.42295098,20
2421,0.69893354,0.38426316,2.6551273,0.76947284,21
2422,0.44803932,0.7837314,1.5072817,0.48429224,22
2423,0.9027646,0.33153665,2.4319692,1.0392365,23
2424,0.020786455,0.70997304,2.5705543,0.7866384,0
2425,0.010126888,0.4740789,2.6652288,0.8035446,1
2426,0.124048084,0.9025034,1.3258892,0.90237707,2
2427,0.065809615,0.08096264,4.11093,0.7965779,3
2428,0.019349437,0.9118333,4.9543824,0.65285003,4
2429,0.3644789,0.73594385,3.2619433,0.83172965,5
2430,0.011857903,0.86174697,1.446042,0.69060117,6
2431,0.48653367,0.48271668,1.8851544,0.49780506,7
2432,0.28660753,0.33659178,3.2985358,0.60428923,8
2433,0.00010790469,0.40531373,1.8856194,0.8200635,9
2434,0.9492274,0.528314,3.0152254,0.7837009,10
2435,0.079102874,0.029958557,4.065654,0.8011708,11
2436,0.5792834,0.60324883,1.8853531,0.78712964,12
2437,0.8548668,0.40233183,2.8246589,0.71857214,13
2438,0.1552376,0.64776516,3.7714431,0.8097971,14
2439,0.8545082,0.93574053,3.8044715,0.6248881,15
2440,0.9883441,0.4738668,3.9705756,0.8940833,16
2441,0.0036902854,0.7502011,2.1159062,0.88729274,17
2442,0.08785344,0.6162594,5.288429,0.7479361,18
2443,0.00029665232,0.53255165,3.1536903,0.92656666,19
2444,0.37539566,0.6137995,4.5374074,0.8176621,20
2445,0.95239353,0.3368104,3.2013216,0.8536643,21
2446,6.0161707e-05,0.6521277,1.6774204,0.94313556,22
2447,0.9197792,0.1687849,2.7983851,0.65431684,23
2448,0.33753818,0.74307066,1.4150944,0.64169383,0
2449,0.13281566,0.7164074,3.0862381,0.8393008,1
2450,0.02270877,0.71652657,1.0562457,0.6803581,2
2451,0.20249236,0.07083037,4.5688667,0.6267821,3
2452,0.9909203,0.84053046,3.2064338,0.6557418,4
2453,0.9294119,0.7799485,3.4531002,0.47131243,5
2454,0.020724917,0.21049239,0.67686325,0.98007137,6
2455,0.21152066,0.41169968,2.07269,0.68704426,7
2456,0.3857782,0.35004634,3.5110977,0.7162639,8
2457,0.0021091478,0.5612024,1.660039,0.8022744,9
2458,0.3686339,0.61271423,3.5785725,0.96157795,10
2459,0.037221096,0.025784612,3.488468,0.69744325,11
2460,0.16134362,0.5150213,1.1844585,0.88888055,12
2461,0.80266386,0.27042133,2.6009772,0.7456568,13
2462,5.5287505e-06,0.36814052,5.1227217,0.7382872,14
2463,6.164037e-05,0.776063,3.132695,0.73690605,15
2464,0.8445434,0.49310875,3.5891292,0.5636644,16
2465,0.004434033,0.39842013,2.0064733,0.6226874,17
2466,0.005724126,0.6624852,5.4123173,1.0496556,18
2467,0.26591313,0.649394,2.8754387,0.36006555,19
2468,0.014801684,0.6399047,4.1852813,0.7370428,20
2469,0.09694891,0.4311079,4.406467,0.9791226,21
2470,0.24366264,0.6426885,1.0749772,0.40972826,22
2471,0.41978222,0.19114405,2.0560539,0.688452,23
2472,0.8101122,0.82056504,2.561693,0.73276854,0
2473,0.549566,0.45508257,2.210408,0.85741156,1
2474,0.008262774,0.7586656,1.0636637,1.1709619,2
2475,0.5856545,0.0483669,4.122855,0.79277664,3
2476,0.0015147576,0.8441167,3.6371074,0.8240001,4
2477,0.16885081,0.7502963,3.4486964,0.9435686,5
2478,0.039087817,0.32604805,0.7978415,0.8525172,6
2479,0.7903048,0.6374658,3.182384,0.5576017,7
2480,0.23427096,0.3905207,3.7940688,0.8963325,8
2481,0.99835867,0.13436496,1.550394,0.53402174,9
2482,0.0028050628,0.616084,2.8582313,0.48886263,10
2483,0.11853449,0.027167452,2.891977,0.7319608,11
2484,0.16209835,0.45484972,2.0103838,0.91964304,12
2485,0.12623158,0.3957038,1.9864506,0.7593137,13
2486,0.098461784,0.590045,4.364645,1.0498734,14
2487,0.028815782,0.83814865,4.0492325,0.6702955,15
2488,0.43624893,0.40566686,4.11354,0.8510257,16
2489,0.1514074,0.6947564,3.3990107,0.7387761,17
2490,0.6563052,0.5578987,5.8458967,0.6740016,18
2491,0.0015108113,0.5898984,2.762797,0.55167526,19
2492,0.76384664,0.71527565,5.3105392,0.4586429,20
2493,0.3183083,0.43565345,2.4424198,0.93474036,21
2494,0.06457274,0.67723083,3.0160794,0.7034915,22
2495,0.6300669,0.25224808,2.9438493,0.69267845,23
2496,0.39558846,0.78990644,1.7847509,0.71952724,0
2497,0.11947573,0.34032503,2.0996718,0.7485653,1
2498,0.03413634,0.54633564,1.8183142,1.0032904,2
2499,0.3171563,0.05818889,5.0762506,0.65378493,3
2500,0.9997125,0.91947967,4.741489,0.49247235,4
2501,0.2705095,0.83775,3.0669425,0.8186341,5
2502,0.0025977655,0.6787829,0.5072509,0.61377114,6
2503,0.061880138,0.36212614,2.1645105,0.60876226,7
2504,0.0008286577,0.5612012,2.9998355,0.8372459,8
2505,0.38779232,0.40952256,1.5365757,0.80838406,9
2506,0.22938943,0.3732796,3.6968434,0.61074513,10
2507,0.076594435,0.03860702,4.1806297,0.65189767,11
2508,0.33562687,0.14997695,1.3945415,0.8532585,12
2509,0.0043510846,0.65435076,2.4853761,0.6337117,13
2510,0.87593263,0.8203961,2.5181687,0.933112,14
2511,0.104958236,0.7386705,4.422012,0.73035806,15
2512,0.26535007,0.4224961,3.5912516,1.0279732,16
2513,0.9845709,0.6505629,3.6749206,0.50012445,17
2514,0.00033274063,0.5244539,4.4708686,0.9200039,18
2515,0.046845928,0.9067782,2.7536762,1.0463065,19
2516,0.00013721379,0.8246147,5.03944,0.88969135,20
2517,0.10255016,0.36165246,3.3179548,1.0077727,21
2518,0.0016724922,0.49427176,1.0194495,0.921201,22
2519,0.2177326,0.25352046,2.7910032,0.6767316,23
2520,0.024819272,0.91209275,2.1146677,1.0847206,0
2521,0.069488324,0.4223334,2.2748616,0.6679171,1
2522,0.28105763,0.6975144,1.3032155,0.87646055,2
2523,0.40947068,0.07064882,4.1503363,0.6374261,3
2524,0.97181827,0.8614226,4.415304,0.65629613,4
2525,0.90826213,0.71897507,2.976905,0.579238,5
2526,0.09731765,0.8069949,1.0184995,0.83642846,6
2527,0.8500584,0.570324,1.7739421,0.6357826,7
2528,0.9995509,0.53862065,3.8123217,0.5050267,8
2529,0.049315363,0.75552434,1.6226356,0.79128915,9
2530,0.93730396,0.42818508,3.7736044,0.7600042,10
2531,0.012978263,0.015224603,3.239536,0.6472044,11
2532,0.6768767,0.5478742,2.1235116,0.92160213,12
2533,0.3316543,0.28703186,2.6261427,0.5825792,13
2534,0.00019900488,0.4956926,5.4696536,1.0577055,14
2535,7.029763e-08,0.7432589,4.164928,1.2513676,15
2536,0.3424069,0.3502875,3.806423,1.118277,16
2537,0.00017065085,0.3513911,3.5640812,0.8471921,17
2538,0.015604779,0.4857654,5.9086795,0.8323616,18
2539,0.040827516,0.7796796,2.4450846,0.59177554,19
2540,0.13726541,0.5125619,4.526336,0.5158559,20
2541,0.6872348,0.373885,4.22157,0.6042312,21
2542,0.68417865,0.57078934,1.7536066,0.6865818,22
2543,0.96439373,0.20090826,2.8655517,0.56161666,23
2544,0.005910668,0.6534744,1.7873086,0.9595481,0
2545,0.94742733,0.56268114,2.1267905,0.8889511,1
2546,0.20141941,0.7278977,1.6319273,0.7863996,2
2547,0.61976254,0.059540387,5.241455,0.8179801,3
2548,0.0005659803,0.930081,4.5499015,1.0015664,4
2549,0.72168136,0.8878574,3.543712,0.6305569,5
2550,0.62683326,0.8805489,0.7607465,0.7574333,6
2551,0.00059569627,0.38577798,2.5963864,0.88671374,7
2552,0.94621485,0.3625409,3.7767391,0.54533815,8
2553,0.9950453,0.31613737,2.224496,0.45029235,9
2554,0.02075741,0.59624165,3.0398154,0.5474074,10
2555,0.04198494,0.030122627,3.1249812,0.7063825,11
2556,0.20594068,0.2554455,2.3589249,1.1596565,12
2557,0.72107327,0.3224738,2.920229,0.7272205,13
2558,0.0014631476,0.64577824,5.110886,0.8203424,14
2559,0.0059676724,0.800376,3.0887818,0.93255556,15
2560,0.06736397,0.33379203,4.072216,0.7698374,16
2561,2.2809869e-05,0.5314189,3.5362718,1.07589,17
2562,0.8123674,0.48323435,3.6148345,0.5219952,18
2563,0.39565486,0.59064996,1.9154284,0.72587276,19
2564,0.050689187,0.7743878,3.6265244,0.5497522,20
2565,0.004046484,0.29952395,3.3229022,0.94838464,21
2566,0.14456142,0.7481067,1.6299987,1.0385892,22
2567,0.6719184,0.25229317,2.8872552,0.64663225,23
2568,0.07707218,0.38538545,1.847397,0.8871534,0
2569,0.90829724,0.31676304,1.4020562,0.4334438,1
2570,0.3670269,0.4431415,1.981269,0.811345,2
2571,0.20238698,0.059221145,3.651898,1.1509058,3
2572,0.9556205,0.9280519,5.585961,0.60369,4
2573,0.41350666,0.8096234,3.2392793,0.65567523,5
2574,0.03690634,0.82805544,2.2499454,0.98421836,6
2575,0.23095019,0.20012811,1.6650491,0.5911823,7
2576,0.0006929966,0.5868548,5.212948,0.9472592,8
2577,0.00011882944,0.2369265,1.8897693,0.74039066,9
2578,0.017238496,0.6426383,3.7275333,0.6142746,10
2579,0.028690292,0.02790349,4.5078473,0.564399,11
2580,0.42498752,0.5221877,1.1104324,1.0730389,12
2581,0.17956406,0.32774878,2.5547404,0.8650837,13
2582,0.0016245254,0.6755711,3.1440985,0.7699165,14
2583,0.023940565,0.7111567,3.655016,0.9573252,15
2584,0.014289293,0.32531336,3.7212582,0.79268205,16
2585,0.5980376,0.6815704,2.9657226,0.8109995,17
2586,0.9806261,0.37985086,4.921127,0.6141875,18
2587,0.19496447,0.820292,2.8846395,0.47889963,19
2588,0.09753234,0.589693,4.0319076,0.6115853,20
2589,0.28075933,0.32431766,4.303042,0.7050964,21
2590,0.93160135,0.6992038,1.9562578,0.44226155,22
2591,0.7738769,0.17372353,2.4187455,0.5396621,23
2592,0.008587589,0.66274256,2.1609557,0.8240614,0
2593,0.83661216,0.61837643,1.9385688,0.627772,1
2594,0.18019517,0.25562298,1.6560363,0.85760057,2
2595,0.22498447,0.061877813,5.9940653,0.59001184,3
2596,0.020982737,0.7949239,4.952412,1.1759888,4
2597,0.28839573,0.7578089,2.6880636,0.69854975,5
2598,0.99810755,0.87911266,1.3912643,0.9438367,6
2599,0.31385157,0.50598145,2.2319758,0.8043217,7
2600,0.09291622,0.3762332,4.0201874,0.530793,8
2601,0.69214416,0.68320984,2.2599788,0.9028555,9
2602,0.5139024,0.5423577,3.730109,0.69905454,10
2603,0.04457305,0.02454103,2.3017209,0.5751674,11
2604,0.38289014,0.7133128,1.4006529,0.86234504,12
2605,0.048081145,0.26305297,2.8161411,0.6676413,13
2606,0.099882215,0.7864059,4.266506,0.87735677,14
2607,0.2539895,0.8791975,3.5655499,0.6239634,15
2608,0.40503126,0.44856304,3.6563458,0.42766058,16
2609,0.0052146763,0.75073296,2.5058153,0.9710078,17
2610,0.044166006,0.5110923,5.83595,0.9235269,18
2611,0.36567876,0.92549783,3.2744083,0.7850312,19
2612,9.103249e-05,0.7017154,4.0139737,1.2143973,20
2613,0.08272276,0.38395214,5.6343846,1.1209888,21
2614,0.821712,0.41491356,1.3830726,0.5742463,22
2615,0.51030034,0.42517248,2.5870094,0.6262299,23
2616,0.10926776,0.52511007,2.57501,0.5792653,0
2617,0.26280016,0.46285495,2.5246165,0.78923714,1
2618,0.8155508,0.90053046,1.076071,0.78702813,2
2619,0.5417244,0.05819682,5.428777,0.94175035,3
2620,0.0011006901,0.82036924,4.566724,0.8716684,4
2621,0.052647676,0.898837,3.2746456,0.94015324,5
2622,0.9646633,0.84313947,1.1598897,0.68694997,6
2623,0.9906109,0.35248077,1.5628384,0.5696423,7
2624,6.0250124e-05,0.6276347,4.9055877,0.8552594,8
2625,0.14896621,0.5445488,1.541447,0.7136404,9
2626,0.48761734,0.6312192,4.30347,0.5328658,10
2627,0.5877287,0.02612217,4.7125664,0.91470176,11
2628,0.33930266,0.6219258,1.1215581,0.94523245,12
2629,0.9898525,0.34414443,1.7422258,0.656859,13
2630,0.9607216,0.79914767,3.6573095,0.8856765,14
2631,0.9990784,0.77622575,3.2298374,0.79013944,15
2632,0.118414365,0.3056787,3.9973292,0.7158214,16
2633,0.012784992,0.55604374,2.3126938,0.8097341,17
2634,0.069441125,0.4654866,4.587452,0.65791196,18
2635,0.019124586,0.51590866,1.9998313,0.8023273,19
2636,0.67269796,0.6866701,4.2080026,0.4696157,20
2637,0.00076224783,0.47023803,2.8606386,0.81876034,21
2638,0.003927141,0.7252126,1.5711809,0.70284516,22
2639,0.6611563,0.21380225,2.580186,0.5301026,23
2640,0.028888972,0.866705,1.8137617,0.6120588,0
2641,0.1265496,0.3415181,2.139842,0.8344116,1
2642,0.10625802,0.42370352,1.4210789,0.9455497,2
2643,0.58218753,0.066708244,5.1083655,0.79196745,3
2644,0.02359555,0.8189301,4.7894087,0.76477015,4
2645,0.006474063,0.7873574,3.9555657,1.128428,5
2646,0.95412564,0.61836433,0.8258407,0.8481223,6
2647,0.43070814,0.49622804,2.4812934,0.4647026,7
2648,0.6818642,0.41283673,4.210494,0.7137071,8
2649,0.67573774,0.39668614,1.7984174,0.6479282,9
2650,0.747645,0.6135872,4.0270357,0.66921324,10
2651,0.9290295,0.015870426,3.529766,0.78516996,11
2652,0.45782912,0.65614265,1.2801485,0.72645396,12
2653,0.9342433,0.2835152,1.9525337,0.79409176,13
2654,0.0500934,0.78665596,3.6286721,0.7693012,14
2655,0.9507611,0.8613703,3.2868674,0.65187943,15
2656,0.0011781489,0.43883792,4.0585685,0.581146,16
2657,0.48535848,0.40441948,1.9384228,0.6140377,17
2658,0.0023088106,0.5709764,5.0225973,0.94660544,18
2659,0.019249966,0.58669823,2.941128,0.7878512,19
2660,0.00016431263,0.48332432,3.829308,1.039734,20
2661,0.125063,0.42490813,3.7592542,0.597754,21
2662,0.07423647,0.6392429,2.3279557,0.672777,22
2663,0.52933604,0.394832,2.4126346,0.87720835,23
2664,0.5745791,0.55563164,1.8403583,0.6082195,0
2665,0.10836759,0.5517037,2.1692317,0.82502186,1
2666,0.14588134,0.3954738,0.6898591,0.8479717,2
2667,0.3922166,0.0637032,5.1655154,1.062478,3
2668,0.016129458,0.95194715,4.8357854,0.6283374,4
2669,0.21741734,0.8893532,3.5796416,0.5191785,5
2670,0.9999193,0.7175801,1.0943606,0.7200073,6
2671,0.2674527,0.4807509,1.5285959,0.65439665,7
2672,0.007689765,0.5113204,4.1156716,0.56754047,8
2673,0.18659568,0.38094184,2.0053725,0.53374994,9
2674,0.5296413,0.63317597,3.1379626,0.8729116,10
2675,0.7763547,0.021892017,3.2254076,0.802753,11
2676,0.27705994,0.49257722,1.8749082,0.94185066,12
2677,0.0024673187,0.2545622,3.0328398,0.6313157,13
2678,0.011400671,0.8063785,5.072012,1.0754626,14
2679,0.7715614,0.6875819,3.926035,0.6528274,15
2680,0.97219515,0.24641444,3.7994485,0.6980641,16
2681,0.011025674,0.2773405,2.4356558,0.9919629,17
2682,0.8462411,0.58466685,6.11539,0.6681537,18
2683,0.8992262,0.9165409,2.668593,0.6733109,19
2684,0.014250485,0.75536704,5.1997004,0.8556886,20
2685,0.006597808,0.3584276,4.982046,0.80389225,21
2686,0.45337063,0.46013737,1.6751808,0.7057706,22
2687,0.5092648,0.43628392,3.0798993,0.7015356,23
2688,0.55853075,0.5537448,1.2035627,0.6013634,0
2689,0.096591555,0.65811026,2.0549827,0.51038456,1
2690,0.19632901,0.30330622,1.3719652,0.6830073,2
2691,0.19466881,0.05937688,5.5521293,0.47812685,3
2692,0.8019913,0.91767687,4.197715,0.8340865,4
2693,0.15569706,0.7605339,2.8058743,0.57655823,5
2694,0.002234627,0.40817258,0.74143386,0.64870036,6
2695,0.6799995,0.43145132,2.7105074,0.75270784,7
2696,0.46197304,0.49060893,5.1664057,0.633621,8
2697,0.94059974,0.6575631,1.9910026,1.0074588,9
2698,0.10555071,0.659805,4.0825114,1.2095138,10
2699,0.15597421,0.02662166,3.886035,0.6269589,11
2700,0.13369031,0.32551444,1.6430718,1.1755828,12
2701,0.0027289547,0.34588206,2.0459604,1.2972393,13
2702,0.9762704,0.80842406,3.1966293,0.6636595,14
2703,0.8512791,0.72421384,4.444893,0.5218388,15
2704,3.120453e-06,0.3625558,4.18733,1.4566076,16
2705,0.7796939,0.47418073,3.3995652,0.55748945,17
2706,0.028191904,0.49001718,4.798753,0.8205789,18
2707,0.0003577201,0.81419075,2.7840824,0.6639669,19
2708,0.30871537,0.5864157,4.099483,0.5237404,20
2709,0.037176497,0.3394453,2.6083188,0.92349124,21
2710,0.0038930343,0.5963768,1.967393,1.270119,22
2711,0.020596508,0.3797083,3.258195,0.7176695,23
2712,0.08179638,0.5465066,1.5183185,0.79773015,0
2713,0.0618699,0.5689455,2.6826835,0.8214295,1
2714,0.39974874,0.86053157,1.186228,0.698156,2
2715,0.43562573,0.09011993,4.5970697,0.78851944,3
2716,0.004515656,0.84986615,4.1132765,1.1515806,4
2717,0.84556955,0.92843616,2.3639824,0.6377815,5
2718,0.00056289823,0.597909,0.8405408,0.67780966,6
2719,0.97646093,0.655219,2.800319,0.6110879,7
2720,0.92143035,0.42289948,5.4187894,0.7313956,8
2721,0.99996877,0.6251183,2.1698895,0.6654639,9
2722,0.011181383,0.70238066,2.2244492,1.1046392,10
2723,0.0042416235,0.0117836725,3.1057267,0.57644194,11
2724,0.26742768,0.7968531,1.8432145,0.7091904,12
2725,0.963963,0.2868452,3.4943948,0.5895577,13
2726,0.5583797,0.8834293,3.7074394,0.6279475,14
2727,0.9973672,0.7310881,3.6606958,0.5660009,15
2728,0.20032065,0.4026069,4.7681456,0.85392535,16
2729,0.002172574,0.43951803,3.4281156,0.89593047,17
2730,0.15185142,0.6709608,5.930972,0.71655834,18
2731,0.3386038,0.77349144,3.3503828,0.62026024,19
2732,0.0016580161,0.7686795,4.8677773,1.0583493,20
2733,0.9597885,0.37964654,4.467253,0.7536701,21
2734,0.011442974,0.6495842,1.5653737,0.6510145,22
2735,0.40868938,0.25386587,1.9668996,0.74682605,23
2736,0.0057405685,0.90848905,2.2693052,0.8915117,0
2737,0.49867162,0.405503,1.5281885,0.6475771,1
2738,0.3746673,0.63553095,1.3492442,0.5092075,2
2739,0.24547122,0.08348093,4.5214987,0.9892244,3
2740,0.004243132,0.92218965,4.654092,1.1605035,4
2741,0.5783247,0.8381312,3.275542,0.7028146,5
2742,0.9969531,0.9049513,0.93504024,0.6942122,6
2743,0.72302777,0.29719144,2.7262805,0.62219846,7
2744,0.9349628,0.40930253,3.7611551,0.68141735,8
2745,0.8368491,0.82497257,2.2401555,0.50661016,9
2746,0.12633048,0.6071285,4.148145,0.51055795,10
2747,0.017961625,0.03146695,3.5816665,0.62969214,11
2748,0.34830955,0.47884327,1.1485041,0.9124249,12
2749,2.5788017e-06,0.5481669,3.2199478,0.9761299,13
2750,0.18864402,0.5675702,3.2962298,0.9092964,14
2751,0.9155909,0.82154757,3.8040888,0.75915074,15
2752,0.25685987,0.28816935,5.2171283,0.693328,16
2753,0.9613407,0.64886487,2.4398699,0.75125647,17
2754,0.11444587,0.54672134,4.842788,0.67483056,18
2755,0.0023914238,0.29882473,1.74608,0.7783497,19
2756,0.009197226,0.6472566,4.0106316,0.7796092,20
2757,0.77380687,0.37418073,3.9928937,0.6901148,21
2758,0.628774,0.69621396,2.1629791,0.70926696,22
2759,0.9640713,0.17450516,2.6720862,0.71179616,23
2760,0.026728082,0.9460217,1.6789125,0.9827672,0
2761,0.24576844,0.2925578,2.011994,0.7320648,1
2762,0.23204005,0.96818584,0.8485896,0.5990391,2
2763,0.42656776,0.05760331,4.7304635,0.8837485,3
2764,0.026696915,0.74244857,5.3533897,0.86431515,4
2765,0.22301786,0.83939254,1.9014997,0.84472287,5
2766,0.818796,0.66966456,0.8844808,0.84493434,6
2767,0.08830781,0.4176901,2.4806688,0.66025805,7
2768,0.045064047,0.4645186,5.0663943,0.40675387,8
2769,0.15859418,0.18607515,1.6949453,0.5727897,9
2770,0.0913711,0.46955428,3.075929,0.618745,10
2771,0.07210468,0.013280148,3.7959764,0.8485478,11
2772,0.44110674,0.49147123,1.967727,0.952919,12
2773,0.1457791,0.41081345,3.0076532,0.81964284,13
2774,0.40596884,0.7357312,2.2253985,1.2224264,14
2775,0.08975209,0.8353378,3.4880674,0.6577915,15
2776,0.69444466,0.38941723,4.57779,0.7653949,16
2777,0.5512628,0.741465,3.1644611,0.83540475,17
2778,0.72127384,0.42076144,4.632035,0.4492799,18
2779,0.12245698,0.8165835,2.3347094,0.6605216,19
2780,0.9614554,0.7434846,6.2654204,0.58262163,20
2781,0.9837141,0.29012063,4.212821,0.83682895,21
2782,0.32553226,0.63557494,1.9870387,0.70900494,22
2783,0.006756196,0.2921119,1.927631,0.8162992,23
2784,0.0012461856,0.7548468,2.326106,0.64199084,0
2785,0.22934969,0.5353482,2.2865775,0.74000126,1
2786,0.9742211,0.84828883,1.3552909,0.96504,2
2787,0.6762951,0.06868771,5.083401,1.0620505,3
2788,0.00024086784,0.82279944,4.8134856,0.814044,4
2789,0.8040956,0.6842773,3.0242908,0.894292,5
2790,0.82607585,0.97308546,0.9051073,0.52074456,6
2791,0.39767283,0.4116979,2.1245792,0.72174275,7
2792,0.056812473,0.5732265,4.525363,0.63045096,8
2793,8.1322345e-05,0.33992413,1.5468636,1.0566576,9
2794,0.36057925,0.6334432,3.422677,0.94660044,10
2795,0.47178325,0.027923785,3.7034278,0.76803863,11
2796,0.32670963,0.6186647,1.4025905,0.8505167,12
2797,0.9962831,0.26307833,2.4449282,0.79578644,13
2798,0.10209212,0.7221572,4.2548823,0.6797435,14
2799,0.015828758,0.83924854,4.1313357,0.61117154,15
2800,0.81624794,0.28286746,3.3681202,0.7186195,16
2801,0.00020696937,0.5444287,1.7427992,0.7053432,17
2802,0.7543634,0.5709423,5.5777054,0.54334825,18
2803,0.04271358,0.6336662,3.6355898,0.6616453,19
2804,0.8752518,0.7463815,4.6878085,0.53896564,20
2805,0.8200653,0.36411342,3.194498,1.2918271,21
2806,0.00036238323,0.742327,1.9235743,0.8820028,22
2807,0.54108506,0.34548235,3.4992204,0.6772454,23
2808,0.00081833435,0.4851864,1.8725173,0.9372659,0
2809,0.063091815,0.4659786,1.7191435,0.7376715,1
2810,0.079246044,0.42201048,1.2673825,1.0095212,2
2811,0.4815608,0.0691009,6.147194,0.698467,3
2812,0.69909024,0.90442324,5.128737,0.77989244,4
2813,0.54872066,0.82901937,3.7267163,0.77618575,5
2814,0.00093474344,0.6950895,1.2132536,0.65094876,6
2815,0.9735178,0.36027303,2.1071208,0.5001166,7
2816,0.012715792,0.4861728,3.994067,0.69713056,8
2817,0.7978819,0.37773693,1.7505343,0.50013536,9
2818,0.15670596,0.38717794,2.473202,0.56808615,10
2819,0.9123096,0.025433572,3.201368,0.6332227,11
2820,0.38820174,0.6903756,0.9380308,1.2925217,12
2821,0.0011667974,0.43666622,3.3615093,0.660381,13
2822,0.060195148,0.7329593,4.394053,0.7245166,14
2823,0.1127595,0.6650058,3.565074,0.88612115,15
2824,0.5798017,0.35206336,3.7803345,0.72059005,16
2825,0.0035062314,0.6200718,3.29067,0.7786132,17
2826,0.054784026,0.40622693,4.2706437,0.42562836,18
2827,0.029480856,0.82143134,2.6638145,0.5235892,19
2828,0.69580686,0.7154228,5.081807,0.5610613,20
2829,0.69962984,0.42912626,4.0821314,0.76499647,21
2830,0.95210934,0.24369037,1.8230748,0.6206491,22
2831,0.0007386249,0.22230755,2.699382,0.42727298,23
2832,0.029983027,0.54332113,1.5716408,1.1890383,0
2833,0.016667338,0.5783539,2.5853376,0.5870948,1
2834,0.5167734,0.13560589,0.9633958,0.6671357,2
2835,0.3551521,0.07508399,4.5809717,0.7455597,3
2836,0.001715124,0.93894196,3.7551498,0.9821439,4
2837,0.025333924,0.5821152,2.937503,0.60755897,5
2838,0.20628016,0.79979527,0.9532925,0.65235645,6
2839,0.056212183,0.47834522,2.5364482,0.978131,7
2840,0.0005324033,0.28451687,4.371258,0.6641488,8
2841,0.8108335,0.5672785,2.0445952,1.3622361,9
2842,0.035290923,0.50407976,4.6667624,0.7746986,10
2843,0.006475471,0.035323314,3.2646103,1.0465274,11
2844,0.24563074,0.53204304,1.1978542,0.74932307,12
2845,0.052548923,0.2919783,2.610087,0.52777296,13
2846,0.011205556,0.72784036,4.263557,0.60622084,14
2847,0.15797386,0.8367734,3.5563536,0.9312337,15
2848,0.09975954,0.4904666,4.267599,0.6834426,16
2849,0.6324649,0.55761653,3.0095766,0.7734179,17
2850,0.057328418,0.53869843,4.553723,0.8092838,18
2851,0.94342494,0.83462524,2.8848386,0.6029198,19
2852,0.6935656,0.6717226,4.652904,0.51572376,20
2853,0.9443588,0.4242891,3.3809333,0.62807465,21
2854,0.21758257,0.9121074,1.4157143,0.6897001,22
2855,0.25160593,0.21175714,2.5634956,0.5849912,23
2856,0.00481458,0.63610387,1.5828047,0.59103036,0
2857,0.08368599,0.57030636,3.4127629,1.2238663,1
2858,0.020785624,0.42213297,0.96859384,0.6922975,2
2859,0.55632466,0.07749332,5.8226852,0.8338237,3
2860,0.98953384,0.9352893,4.2738953,0.7899139,4
2861,0.040718798,0.6748303,3.211896,0.57551664,5
2862,0.018959863,0.5750377,1.0641414,0.69958514,6
2863,0.8676663,0.46622586,1.7815177,0.5968552,7
2864,7.272599e-05,0.42314187,3.921429,1.087258,8
2865,0.5742947,0.897028,3.0527723,1.0591446,9
2866,0.91371655,0.5649601,2.7947686,0.60673547,10
2867,0.4546136,0.026548745,3.5376468,0.8813776,11
2868,0.40266922,0.46345085,1.6988993,0.7627239,12
2869,0.11190845,0.23372085,2.3676076,0.4822229,13
2870,0.12816097,0.701564,3.9920716,0.75243884,14
2871,0.37527722,0.6112649,3.3991706,0.69485855,15
2872,0.8387048,0.5038507,3.017785,0.7113457,16
2873,0.5519319,0.68646914,2.7107022,0.7071724,17
2874,0.0055638035,0.3905358,4.0175123,0.73287934,18
2875,0.05792056,0.6624324,3.3513668,0.6960431,19
2876,0.98303795,0.533588,2.7172658,0.48095483,20
2877,0.057359602,0.37184605,3.828931,0.76750153,21
2878,0.028614445,0.43566692,1.194771,1.0405754,22
2879,0.77049595,0.30422157,2.4654138,0.527691,23
2880,0.6451472,0.6389775,0.9717535,0.835529,0
2881,0.18910629,0.43760794,2.1720896,0.76357305,1
2882,0.9019628,0.9306767,1.1587231,0.7394029,2
2883,0.2937376,0.08021053,6.2124233,0.80443895,3
2884,0.5244147,0.83697116,2.845108,0.721925,4
2885,0.6235511,0.78316134,3.4100044,0.5958578,5
2886,7.263058e-07,0.83826345,1.633295,0.85450566,6
2887,0.2208468,0.33297998,2.0682282,0.56369317,7
2888,0.9434013,0.47349137,3.6444473,0.5895934,8
2889,0.3982224,0.24757127,1.3565927,0.5714709,9
2890,0.30397713,0.42313707,3.5931585,0.60065246,10
2891,0.022094706,0.027661202,3.9890513,0.6224461,11
2892,0.44101825,0.85939044,1.5121926,0.9263602,12
2893,0.5732477,0.26677164,3.112834,0.5572223,13
2894,0.99771714,0.8535773,2.875074,0.6416296,14
2895,0.041947708,0.8283198,5.0356827,0.6997763,15
2896,0.41499978,0.35458335,4.5319643,1.1998091,16
2897,0.2091729,0.7910372,1.9817215,0.635093,17
2898,0.1019809,0.45049518,4.149496,0.72757477,18
2899,0.12766497,0.62940454,3.1435113,0.8416822,19
2900,0.9869445,0.6811354,3.4888663,0.73987484,20
2901,0.88086206,0.4623037,3.0647182,0.66523063,21
2902,0.5330621,0.71258837,1.9789741,0.6287968,22
2903,0.004347178,0.2731757,2.589351,0.4141055,23
2904,0.3351106,0.7499761,1.6583917,0.888997,0
2905,0.0018951973,0.45808348,1.4127852,0.9067413,1
2906,0.07103294,0.80898494,1.0662367,0.6799733,2
2907,0.17863162,0.09264001,5.304552,0.5197482,3
2908,0.030777855,0.81943357,5.382233,0.6923988,4
2909,0.025849337,0.81720096,2.4631128,0.6264908,5
2910,3.3318378e-05,0.76709914,0.88197815,0.85473585,6
2911,0.31383526,0.45293447,2.2369456,0.8491473,7
2912,0.15946715,0.40425724,4.312143,1.0208179,8
2913,0.85552365,0.64497966,2.324923,0.70596254,9
2914,0.11733184,0.5045669,2.611288,0.5584663,10
2915,0.0961758,0.026952887,2.7884626,0.6103406,11
2916,0.373672,0.51911277,1.1730703,0.98100036,12
2917,0.8616157,0.33528322,2.0634294,0.7937795,13
2918,0.06511576,0.8160729,3.8692605,0.756194,14
2919,0.038134594,0.77691805,3.7276964,0.92340535,15
2920,0.39627367,0.43884495,2.9680915,0.584181,16
2921,0.99305576,0.6103333,2.4665089,0.8450427,17
2922,0.09638151,0.4540766,4.6466956,0.61756146,18
2923,0.25993684,0.76824737,2.083861,0.64462984,19
2924,0.75702524,0.79355127,3.6878057,0.75036705,20
2925,0.7066817,0.34027666,3.1906853,0.6131273,21
2926,0.02715735,0.5669928,1.3995255,0.52586395,22
2927,0.7499953,0.3871748,2.6563454,0.6175409,23
2928,0.43864146,0.8003289,1.7067647,0.5365037,0
2929,0.4023595,0.61784637,1.9661391,0.6703757,1
2930,0.12792158,0.70168036,1.6506746,0.7428267,2
2931,0.57117814,0.048644457,5.775135,0.5763378,3
2932,0.027444236,0.8580238,4.486814,1.0462945,4
2933,0.44024196,0.76912916,3.4617374,0.6942893,5
2934,0.8065159,0.9334902,1.358627,0.65461606,6
2935,0.054071948,0.5561937,2.938763,0.6763297,7
2936,0.8046095,0.5528921,5.375537,0.4326633,8
2937,0.9999528,0.7525382,2.62011,0.4431039,9
2938,0.12851305,0.5953754,3.4028072,0.8229332,10
2939,0.0005403486,0.02111866,3.2805016,0.64108074,11
2940,0.7141713,0.7417295,0.9831122,0.89840853,12
2941,0.9487104,0.4736059,3.973401,0.39650095,13
2942,0.2290365,0.9310058,4.118368,1.0464761,14
2943,0.9679892,0.73244417,4.228979,0.45932588,15
2944,0.88900006,0.43358418,3.1789494,0.63287306,16
2945,0.2926466,0.66135424,5.653846,0.57217944,17
2946,0.90066844,0.5181263,5.420559,0.6316798,18
2947,0.99581486,0.7042413,2.077036,0.50851494,19
2948,4.3478298e-07,0.56100434,3.64615,1.9395322,20
2949,0.97417873,0.454539,4.569022,0.79310036,21
2950,0.00040417296,0.6789888,2.145937,1.0525076,22
2951,0.02162094,0.37974772,2.4850812,0.6925149,23
2952,0.97203946,0.37205446,2.8261375,0.6547356,0
2953,0.53503674,0.31804788,1.9343188,0.5821336,1
2954,0.9019614,0.7573249,1.0628157,0.65045,2
2955,0.7127898,0.046691764,5.588159,1.1576254,3
2956,1.0,0.8996154,3.4221911,0.39018586,4
2957,0.20436698,0.87241775,4.613845,0.7986978,5
2958,0.51683474,0.9525615,0.99381274,0.6840653,6
2959,0.8127912,0.5785167,2.796846,0.5310191,7
2960,0.049637318,0.50292015,5.524749,0.56413364,8
2961,0.9806009,0.48508805,2.0088801,0.46150878,9
2962,0.4617213,0.6777765,3.3618772,1.0545669,10
2963,0.017090987,0.039391767,3.00276,0.6552121,11
2964,0.33337918,0.6198645,1.2060761,0.9856666,12
2965,0.16877183,0.32049862,2.8817508,0.79375505,13
2966,0.8143866,0.6924713,3.2862031,0.7223597,14
2967,0.13848338,0.8087867,2.6906168,1.2042283,15
2968,0.30457443,0.36467668,2.951783,1.2458037,16
2969,0.0016775635,0.60430276,2.9416206,0.72318494,17
2970,0.99931526,0.4841365,5.0489945,0.640476,18
2971,0.3960837,0.42564577,1.8857546,0.5992597,19
2972,0.002699005,0.7436794,4.6820846,0.51710826,20
2973,0.0006599485,0.43628624,3.311829,0.97205037,21
2974,0.9798784,0.4404477,1.3262905,0.44486138,22
2975,0.94482607,0.27754653,2.2483885,0.5657779,23
2976,0.2224611,0.6737293,1.1011512,0.42797896,0
2977,0.007213171,0.5813894,2.5745573,0.8705164,1
2978,0.92681056,0.7499796,0.8008919,0.47006744,2
2979,0.24521336,0.052244443,3.8891432,0.6636963,3
2980,0.008700953,0.8805531,5.9342623,1.386736,4
2981,0.08742439,0.8544636,3.0271997,0.55862117,5
2982,0.095912896,0.82156473,1.0081428,0.5247501,6
2983,0.07297227,0.7644876,4.0025134,0.67273724,7
2984,0.5544253,0.595848,4.5346622,0.51720715,8
2985,0.7682975,0.6140343,2.1459732,0.6181716,9
2986,0.5626968,0.5363677,2.385078,0.8133657,10
2987,0.12449546,0.021665558,4.216464,0.6814658,11
2988,0.49738553,0.5808706,1.8007998,0.8959608,12
2989,0.97478104,0.32248813,2.1665473,0.76043093,13
2990,0.28218925,0.8222239,3.553281,0.70609796,14
2991,0.9499253,0.73134923,3.0495768,0.78801894,15
2992,0.9534506,0.41044313,3.5992413,0.60700065,16
2993,0.67908883,0.71374315,3.6870623,0.5832072,17
2994,0.9967841,0.5786707,4.0407734,0.49680752,18
2995,0.0101817995,0.7623047,3.5097508,0.90162504,19
2996,0.9689332,0.76100385,4.349859,0.42625135,20
2997,0.90748185,0.4891792,4.173575,0.8739822,21
2998,0.9764312,0.6530177,1.9919977,0.51127666,22
2999,0.037728768,0.2881138,2.7386496,0.74280906,23
3000,0.91821426,0.7723563,2.7877262,0.7725413,0
3001,0.13904959,0.5729698,2.4295254,0.9727132,1
3002,0.033689067,0.19349435,1.0736592,0.6458623,2
3003,0.41741994,0.068939544,5.2328153,0.76752853,3
3004,0.0026224772,0.7705502,4.2848525,1.2142528,4
3005,0.03628683,0.90209806,3.2698143,0.926707,5
3006,0.1967737,0.17907086,0.5728773,0.71377456,6
3007,0.014313977,0.60253596,2.391971,1.1731894,7
3008,1.2550076e-05,0.5409268,4.144723,0.9676583,8
3009,0.0034588873,0.6773823,2.0595913,0.83840835,9
3010,0.25897446,0.63263094,2.921442,0.79246104,10
3011,0.00832541,0.027962,4.0733485,0.69311714,11
3012,0.20204958,0.65866977,1.3860952,0.7130246,12
3013,0.110709764,0.3505885,2.43043,0.8276614,13
3014,0.00033421902,0.74461544,4.218019,0.94989276,14
3015,0.07131556,0.8007165,3.762524,0.8710813,15
3016,0.58948755,0.39148268,3.6099472,0.59151417,16
3017,0.0025514027,0.48642176,2.3312635,0.8789077,17
3018,0.020151326,0.51052237,5.3576326,0.8683637,18
3019,0.65328175,0.50077283,2.36198,0.6302314,19
3020,0.11195833,0.34600458,4.3116393,0.56025743,20
3021,0.17808162,0.41354382,3.8520062,0.651662,21
3022,0.021205008,0.7632087,1.9457545,0.6147832,22
3023,0.0075120814,0.47067717,2.808519,0.4877259,23
3024,0.00015332538,0.56653756,1.4103267,0.94210774,0
3025,0.073305376,0.20799705,1.6790607,0.5816757,1
3026,0.5768608,0.68924725,1.836137,0.8344099,2
3027,0.53526056,0.07014762,4.1885185,0.76113695,3
3028,0.00052204664,0.93612766,4.7377434,0.9934202,4
3029,0.18217997,0.8203575,2.9876924,0.6830512,5
3030,0.5128517,0.10943782,0.5403214,0.6067089,6
3031,0.008114924,0.6698954,2.9451804,0.8030964,7
3032,0.011556237,0.35270563,4.1850533,0.65716076,8
3033,0.8694577,0.5076722,2.0234756,0.86569643,9
3034,0.16936277,0.47959656,3.200072,0.78111345,10
3035,0.24567877,0.03546194,4.0857778,0.7124379,11
3036,0.49405947,0.3231303,0.98664194,0.7833505,12
3037,0.23855709,0.2761617,2.7461662,0.5883478,13
3038,0.030274011,0.6247795,4.0494194,0.930048,14
3039,0.9835662,0.79299515,4.2882247,0.71167624,15
3040,0.062289577,0.49100477,4.405401,0.6239656,16
3041,0.038997732,0.5718886,2.2989016,0.87149215,17
3042,0.00059626345,0.43997255,4.3029985,1.0658498,18
3043,0.6306024,0.7964332,2.8139806,0.65338993,19
3044,0.53359675,0.7069676,4.316131,0.4773693,20
3045,0.05842843,0.36394203,4.244627,0.6881342,21
3046,0.37319958,0.8190851,2.6903243,0.5989968,22
3047,0.9973943,0.19411798,2.12435,0.733806,23
3048,0.04246425,0.754783,1.655273,0.7836184,0
3049,0.569613,0.4959069,2.000086,0.5510506,1
3050,0.14225988,0.8932546,1.0905228,0.61954063,2
3051,0.7622787,0.08291186,4.85289,0.8571842,3
3052,0.51761514,0.91706055,3.9420567,0.65645945,4
3053,0.4919287,0.7775355,4.101965,0.40989935,5
3054,0.011739732,0.7762451,1.179532,0.9337747,6
3055,0.14628977,0.52262336,2.5064578,0.8415004,7
3056,0.9995666,0.53702015,4.5320587,0.5293239,8
3057,0.3541399,0.28059015,2.5051098,0.62344736,9
3058,0.019282425,0.65775204,3.2549884,0.8945464,10
3059,0.06569633,0.022558155,3.4232278,0.6308914,11
3060,0.4865241,0.8823858,2.1606483,0.85558856,12
3061,8.620573e-08,0.469866,3.4900165,1.0977228,13
3062,0.33525756,0.8227584,4.461828,0.78052723,14
3063,0.039065912,0.8579923,4.4595547,0.90132856,15
3064,0.0033948242,0.33651188,4.056806,1.0965518,16
3065,0.015464358,0.64995277,1.9084611,0.8848137,17
3066,0.19053227,0.5548972,6.0941315,0.7353301,18
3067,0.015460221,0.8123635,2.346712,0.71867937,19
3068,0.4197574,0.6374445,5.4584894,0.7621957,20
3069,0.0018965211,0.40745625,3.4713726,0.6832632,21
3070,0.008097543,0.63420683,2.1637187,0.7496568,22
3071,0.99996877,0.13796504,3.4013665,0.60891783,23
3072,0.0011536056,0.56493396,1.7965413,0.94258046,0
3073,0.0157672,0.39297736,1.9874768,0.53851795,1
3074,0.24189419,0.4505276,0.8496401,0.7399127,2
3075,0.32997218,0.083420895,5.1041384,0.83604515,3
3076,0.5977954,0.9274116,4.3640046,0.8840272,4
3077,0.058215663,0.7592115,3.343656,0.9715016,5
3078,0.003133854,0.82959735,1.1466621,0.62841535,6
3079,0.7971305,0.24233936,2.1205876,0.39172605,7
3080,0.1111843,0.47146907,4.889781,1.0095098,8
3081,0.0003627322,0.18183385,1.7919891,0.9010365,9
3082,0.29178214,0.626882,3.114362,0.8579167,10
3083,0.010504544,0.031667538,3.0316112,1.1107285,11
3084,0.37208074,0.5955831,1.2789502,0.77682614,12
3085,0.04249569,0.28183514,2.7566733,0.8946231,13
3086,0.0005881139,0.7150644,4.18469,0.7783748,14
3087,0.32672,0.8327789,3.536922,0.46509537,15
3088,0.0026121493,0.4117323,3.562341,0.5657565,16
3089,0.0031910979,0.58638716,2.2022908,0.76813227,17
3090,0.56825954,0.48762047,4.3947606,0.8520787,18
3091,0.22818209,0.77522653,1.8527173,0.4171069,19
3092,0.18130681,0.7379432,4.4104238,0.6065141,20
3093,0.09634057,0.37410244,4.436065,0.7604922,21
3094,1.3898246e-05,0.8354874,1.4408534,0.8976733,22
3095,0.99424547,0.19646184,3.109964,0.80941266,23
3096,0.38154343,0.48003557,1.9160454,0.7288395,0
3097,0.21265106,0.5532551,2.984401,0.6649053,1
3098,0.0049495236,0.6501994,1.5994443,0.6287819,2
3099,0.5515572,0.046094794,5.5687165,1.0222688,3
3100,0.9987545,0.95002633,4.5889335,0.51481414,4
3101,0.10444576,0.8715724,2.5928638,0.9599042,5
3102,0.75080514,0.7255385,0.96686476,0.8037997,6
3103,0.0067853094,0.5798457,2.4495754,0.79575926,7
3104,0.366271,0.34761673,4.019725,0.82513505,8
3105,0.96439636,0.75888985,1.4891896,0.5843579,9
3106,0.014264142,0.49030668,1.9854848,0.7869499,10
3107,0.0025441176,0.014627995,2.874598,0.71421593,11
3108,0.23720351,0.81989336,1.3273542,0.84616935,12
3109,0.15149868,0.3610336,2.56122,0.6614912,13
3110,0.00026007657,0.717735,4.3407865,0.86387634,14
3111,0.029267553,0.73627794,3.7788143,0.5244891,15
3112,0.09342695,0.31128103,2.952111,0.8832547,16
3113,0.004614493,0.5858835,1.7064149,0.6429272,17
3114,0.005990696,0.6423512,5.0516324,0.76943016,18
3115,0.6983057,0.6221702,1.6704363,0.6862238,19
3116,0.9763455,0.78409386,4.232236,0.75201124,20
3117,0.843172,0.33746576,3.9931946,0.7141172,21
3118,0.54473644,0.7573119,1.9474853,0.7213065,22
3119,0.89882797,0.18677129,2.8846192,0.6269015,23
3120,0.0047989828,0.6075878,1.7473239,0.6086211,0
3121,0.98893785,0.7331755,2.348838,0.82106775,1
3122,0.33794817,0.82660633,1.1965873,0.5699873,2
3123,0.23580495,0.06567292,3.6855931,0.8806174,3
3124,0.51844084,0.9118369,3.6900187,0.49942535,4
3125,0.3672894,0.7851814,3.5618246,0.7287812,5
3126,0.47404826,0.6967435,1.0038053,0.7208158,6
3127,0.59210736,0.29694247,2.4905746,0.69767666,7
3128,0.98110414,0.44927564,3.9031873,0.53416806,8
3129,0.91890204,0.49460334,1.652382,1.0160655,9
3130,0.14061318,0.45170188,3.0721884,0.65030587,10
3131,0.016267257,0.023118887,3.5062506,0.6928855,11
3132,0.42421436,0.30384156,1.3521788,0.97200745,12
3133,0.04620738,0.41505834,2.0459077,0.9804082,13
3134,0.00011335992,0.64241886,4.2301807,0.9100301,14
3135,0.19465092,0.848551,4.407574,0.7733888,15
3136,0.84802234,0.37639743,4.018075,0.7957501,16
3137,0.59638786,0.72268647,3.3626409,0.6163604,17
3138,0.93225515,0.41621965,4.069125,0.6548908,18
3139,0.21004772,0.68479145,3.1040401,0.71685517,19
3140,0.0014595016,0.73104817,5.327874,0.871575,20
3141,0.027895221,0.40803885,4.110495,0.5520021,21
3142,0.21715097,0.80892694,1.3490475,0.4829105,22
3143,0.07448279,0.32716966,3.0373516,0.76134074,23
3144,0.10330053,0.27554396,2.842348,0.94216555,0
3145,0.05203788,0.426196,2.223261,0.8864554,1
3146,0.20262682,0.9022373,1.9856144,0.89893216,2
3147,0.7254212,0.043728773,4.7344294,0.73247546,3
3148,0.07553085,0.7581388,2.8139572,0.89140034,4
3149,0.021196889,0.9056057,4.17157,0.86033297,5
3150,0.9014211,0.61218804,1.0927548,0.8549246,6
3151,0.0031624355,0.52637327,2.7124867,0.88135,7
3152,0.8197637,0.35537764,4.514612,0.56714547,8
3153,0.007960409,0.19927058,2.07092,1.1219697,9
3154,0.30006054,0.41081494,3.0798721,0.8257424,10
3155,0.034601256,0.017833807,2.993163,0.7067638,11
3156,0.49616945,0.14454629,0.90860176,0.7458123,12
3157,0.029741181,0.40787292,2.2278852,0.77513623,13
3158,0.24579501,0.67261845,2.9100087,0.68364805,14
3159,0.95332587,0.76809573,4.2751703,0.5910751,15
3160,0.04857488,0.32261598,3.974979,0.7714013,16
3161,0.99657494,0.7733247,2.9899313,1.0005215,17
3162,0.012730059,0.4248868,5.1487355,0.9316113,18
3163,0.5027153,0.7586117,2.5955057,1.2300615,19
3164,0.0062917145,0.62930524,4.4152064,0.8267457,20
3165,0.2968617,0.32446504,4.2609544,0.677805,21
3166,0.30467346,0.4815614,1.3799987,0.7635262,22
3167,0.0034698676,0.2358965,2.358624,0.7120555,23
3168,0.008338254,0.84863126,2.101262,1.1549358,0
3169,0.00023942692,0.25783303,2.0742657,0.95178515,1
3170,0.069689296,0.3559577,2.1346781,0.68854666,2
3171,0.57207614,0.07837803,5.402129,0.9804478,3
3172,0.0014524714,0.77060294,4.5683975,0.6329212,4
3173,0.49939445,0.7500575,3.9351404,1.1464937,5
3174,0.108217984,0.793498,1.1677527,0.60710305,6
3175,0.12941192,0.6005168,2.9518313,0.6332711,7
3176,0.12719125,0.42554384,4.765201,0.62264824,8
3177,0.9692589,0.76350313,2.9285293,0.60330725,9
3178,0.55164325,0.6507714,3.793986,0.7140214,10
3179,0.005184772,0.020684112,3.9598594,0.626364,11
3180,0.20928533,0.40377745,0.99113595,0.9431143,12
3181,0.0014335847,0.3449342,2.5883243,0.78201234,13
3182,0.06526044,0.89900976,3.6425152,0.6848923,14
3183,0.018283144,0.8036771,4.172706,0.5187052,15
3184,0.24239087,0.51640224,4.1531324,1.0184295,16
3185,0.005832665,0.5067798,2.5368652,0.7615248,17
3186,0.98529667,0.6192101,5.106553,0.56163555,18
3187,0.7001684,0.58349234,3.0162003,0.60884666,19
3188,0.13911702,0.71969527,4.227151,0.7350154,20
3189,0.045378547,0.32418242,4.4620986,0.6415354,21
3190,0.0008004893,0.712763,2.0513828,0.5656886,22
3191,0.084179506,0.376324,3.7302172,0.8845115,23
3192,0.054917946,0.6282041,1.3423647,0.69118714,0
3193,0.6781196,0.23273246,2.2548013,0.5655447,1
3194,0.104129404,0.30857074,0.49212497,0.89514583,2
3195,0.55108535,0.03715506,4.1655025,0.61294395,3
3196,0.000145424,0.95537835,5.0927525,0.99582344,4
3197,0.4297373,0.6116678,2.4043565,1.4220469,5
3198,0.000109358734,0.80930567,0.9563427,0.6049847,6
3199,0.20691796,0.29636857,1.5866555,0.8776393,7
3200,0.00080572884,0.3980562,3.7144356,0.6770514,8
3201,0.3289044,0.7695082,1.9273415,0.93455637,9
3202,0.23010802,0.48681822,4.1740427,0.7468518,10
3203,0.6131605,0.03764202,4.492671,0.85893863,11
3204,0.46242103,0.34891105,1.6878508,0.9196255,12
3205,0.7814225,0.29109752,2.4974813,0.62305564,13
3206,0.5938229,0.7147875,3.3139725,0.6646701,14
3207,0.4847194,0.6056634,3.4080348,1.0586818,15
3208,0.051574703,0.29615548,4.2515664,0.81093484,16
3209,0.6758226,0.6872811,2.2682676,0.65403825,17
3210,0.99873275,0.5571346,3.4942913,0.62013996,18
3211,0.00075208035,0.4272575,1.7955232,0.7782385,19
3212,0.0780013,0.71761316,3.861246,0.8273048,20
3213,0.14515065,0.3428071,3.776668,0.8255,21
3214,0.757051,0.6731017,1.7489779,0.5114517,22
3215,0.88249147,0.25436658,2.7824376,0.62010324,23
3216,0.0008541111,0.77688086,2.0391896,0.98105776,0
3217,0.06272198,0.17610472,1.5261409,0.6384644,1
3218,0.271698,0.37405238,1.0264969,0.96143806,2
3219,0.7649024,0.058914654,5.2492332,1.0812925,3
3220,0.7747054,0.89017373,4.4550004,0.78373307,4
3221,0.18209086,0.818983,3.097739,0.5574177,5
3222,0.12791556,0.8984174,1.4826597,0.65762687,6
3223,0.5365379,0.22699821,1.3029085,0.7048244,7
3224,0.020016523,0.39188376,4.7311506,0.68711734,8
3225,0.9996413,0.44924414,2.4655166,0.7193461,9
3226,0.31582046,0.5684305,4.000094,0.4743321,10
3227,0.0037550302,0.030573767,4.011735,0.68252826,11
3228,0.43022487,0.8153894,2.37492,0.97253627,12
3229,0.21184547,0.3515931,3.0766761,0.5934901,13
3230,0.015494268,0.793325,3.1812358,0.6681139,14
3231,0.034068022,0.73209894,3.1414208,0.7113716,15
3232,0.7145286,0.40788814,4.503962,1.2276914,16
3233,0.00012638344,0.6388984,2.2268357,0.82661754,17
3234,0.26139536,0.67320347,4.9005847,0.65633476,18
3235,0.36786905,0.78839266,3.0025327,0.77124023,19
3236,0.0005848344,0.7349492,4.0083165,0.67885065,20
3237,0.5322727,0.308649,3.9062667,0.68286365,21
3238,0.3166354,0.55826104,2.0223615,0.592419,22
3239,0.731362,0.29823437,2.349978,1.1992075,23
3240,0.9956553,0.46134037,1.6327555,0.40168998,0
3241,0.01560527,0.51941895,2.7840207,0.8401699,1
3242,0.6880238,0.7846908,1.5993915,0.8426714,2
3243,0.545862,0.069617964,4.57528,0.7746254,3
3244,0.0033966238,0.87714386,4.0405426,0.9495321,4
3245,0.0053405603,0.9591188,2.368512,0.5843977,5
3246,0.0824855,0.40737605,0.41605133,0.7066487,6
3247,0.16931325,0.370465,2.836325,0.6278476,7
3248,0.0810789,0.5577624,3.912095,0.6554694,8
3249,0.31051373,0.5838652,2.0090678,1.0659953,9
3250,0.0009794777,0.5269699,3.5087862,0.7565987,10
3251,0.011330952,0.042004596,3.6660862,0.7462465,11
3252,0.40529314,0.3439094,1.0067834,1.0285976,12
3253,0.97286385,0.31298417,3.1815796,0.5067681,13
3254,0.5011477,0.74520266,4.603155,0.7124307,14
3255,0.0035050986,0.772329,4.365706,0.56767505,15
3256,0.9564802,0.49415585,4.303221,0.7106638,16
3257,0.040733237,0.59574306,1.8464699,0.7729692,17
3258,0.15951093,0.43122062,4.9879475,0.7122666,18
3259,0.97693205,0.66275626,2.5017557,0.84049845,19
3260,0.0076580476,0.79843783,4.5024114,1.0782647,20
3261,0.9377226,0.3806058,3.498715,0.69227815,21
3262,0.12689953,0.391626,1.3203974,0.6294573,22
3263,0.25650185,0.35453892,2.623292,0.49049878,23
3264,0.11314607,0.5751876,1.1488558,0.74786735,0
3265,0.9364031,0.306161,1.8505412,0.8175019,1
3266,0.13198018,0.94523156,1.5311389,0.6550075,2
3267,0.48482198,0.062932946,3.9010642,0.77436066,3
3268,0.15580164,0.9157676,4.3597007,0.5735333,4
3269,0.016769074,0.76670384,3.327451,0.49574438,5
3270,0.10584158,0.6207264,0.5578181,0.8495268,6
3271,0.6321407,0.2211129,2.0320508,0.82199806,7
3272,0.00012334775,0.32757995,3.6501384,0.994656,8
3273,0.7629069,0.79779136,2.3344543,0.74919164,9
3274,0.19165146,0.5431834,3.6524076,0.6321644,10
3275,0.024436729,0.026549244,2.9930801,0.6414813,11
3276,0.32612628,0.4874266,1.2068622,0.8296095,12
3277,0.0062131346,0.58505195,3.5982304,0.563673,13
3278,0.30840784,0.8235059,3.372715,0.6853163,14
3279,0.4165868,0.78403276,3.1075585,0.8184358,15
3280,0.22723694,0.5457577,4.3038836,1.0278966,16
3281,0.8108381,0.6349482,2.7435875,0.7177435,17
3282,0.020482939,0.53252065,5.202133,0.56807053,18
3283,0.5131798,0.74184674,2.0225964,0.5041513,19
3284,0.18256682,0.64324766,5.3811197,0.5879207,20
3285,0.1307672,0.5137411,4.3706875,0.6414589,21
3286,0.7094692,0.5889296,1.2172308,0.5223534,22
3287,0.14919727,0.13503617,2.0839565,0.49590033,23
3288,0.10680365,0.37414843,1.7203255,0.6975013,0
3289,0.9213501,0.6603277,2.5915601,0.6213171,1
3290,0.7783864,0.70301175,2.1126847,0.8065408,2
3291,0.48403963,0.059508312,6.3656645,0.95192605,3
3292,0.9683373,0.68030894,3.8283918,0.69178253,4
3293,0.41834387,0.74004275,3.584224,0.5693778,5
3294,0.00080769026,0.9821929,0.7978386,0.7276759,6
3295,0.12804188,0.55946887,2.3035045,0.70495033,7
3296,0.11372402,0.4013135,2.9935374,0.91829073,8
3297,0.11560816,0.41882536,1.6002018,0.7899653,9
3298,0.10270061,0.58178836,3.8152747,0.53290796,10
3299,0.14609532,0.02945906,3.600042,0.7332436,11
3300,0.3700027,0.5236693,1.4061925,0.9187952,12
3301,0.85132515,0.39885992,3.0396702,0.69742143,13
3302,0.12114182,0.9071456,4.744455,0.9478218,14
3303,0.39526442,0.87858164,3.775888,0.5571211,15
3304,0.027633308,0.35646874,4.5467296,0.875911,16
3305,0.021454573,0.48400488,2.956288,1.0091622,17
3306,0.07428843,0.43206465,4.6734557,0.56113964,18
3307,0.19434358,0.5865784,1.6224842,0.63341105,19
3308,0.22360396,0.6252435,3.9105096,0.64479536,20
3309,0.053357307,0.38740087,3.8138988,0.8865774,21
3310,0.031362608,0.7413369,2.0558028,0.55019295,22
3311,0.0057046902,0.2309604,2.3435652,0.6593653,23
3312,0.78249854,0.83002114,1.8972859,0.8578083,0
3313,0.06091591,0.27306002,3.2892606,0.6603289,1
3314,0.52816004,0.740693,1.4319123,0.8789228,2
3315,0.22935496,0.06466853,5.7407947,0.664168,3
3316,0.0036977245,0.89871436,3.9611409,0.80173326,4
3317,0.12823924,0.8579969,2.6409876,0.6577692,5
3318,0.9904903,0.9615364,1.800959,0.6969905,6
3319,0.001279592,0.301723,1.8617418,0.74900055,7
3320,0.05230428,0.398827,3.806243,0.69499826,8
3321,0.0064259465,0.33002666,2.0953684,0.7129044,9
3322,0.06350189,0.5181418,2.7370045,0.80975205,10
3323,0.029204454,0.034068637,4.16593,0.5111555,11
3324,0.2402161,0.17736724,1.46442,0.73559785,12
3325,0.9268726,0.19363782,2.6195474,0.40863836,13
3326,0.9859227,0.73324597,2.9020014,0.49485868,14
3327,0.4383535,0.67421436,3.1031277,0.41292843,15
3328,0.49266332,0.39806807,5.0855684,0.5729877,16
3329,0.0028279447,0.27913713,2.425357,0.9061244,17
3330,0.0026297448,0.5867694,5.3404875,0.7280965,18
3331,0.9041563,0.8572469,2.2100465,0.73401845,19
3332,0.061833516,0.41648433,5.811948,0.8217842,20
3333,0.01140453,0.39049542,3.0407941,0.853752,21
3334,0.915095,0.7977294,1.3368549,0.83875036,22
3335,0.63594913,0.31985235,2.2158039,0.78350216,23
3336,0.95633245,0.43462688,2.6805446,0.597548,0
3337,0.058688916,0.6492201,1.8108791,0.551231,1
3338,0.021852475,0.90302193,1.8176228,0.6660029,2
3339,0.34479555,0.043007076,6.263678,0.5777737,3
3340,0.14962357,0.8040814,4.331398,0.87453514,4
3341,0.9723469,0.8415493,2.449799,0.939058,5
3342,0.12779547,0.5192648,0.714952,0.72592473,6
3343,0.94124323,0.43826976,2.9347959,0.6714047,7
3344,0.033232644,0.31382686,4.2703495,0.7941198,8
3345,0.0026901723,0.16032636,1.0907931,0.5229836,9
3346,0.13091162,0.5574161,3.4306746,0.9745183,10
3347,0.0073558646,0.041076254,2.993917,0.867444,11
3348,0.40631866,0.71803015,1.6299485,1.0321487,12
3349,0.013267786,0.4483248,1.869058,0.6425226,13
3350,0.39869538,0.8954088,3.5096536,0.7394873,14
3351,0.00062133983,0.81924146,3.8298774,0.8801949,15
3352,0.011821095,0.47243303,3.2110305,0.86764866,16
3353,0.15609698,0.4895275,1.7108407,0.45688674,17
3354,0.05491962,0.53559273,5.45402,0.9292328,18
3355,0.47610694,0.71992594,2.4910622,0.89079255,19
3356,0.012916521,0.60326463,3.2766414,0.9538908,20
3357,0.5005563,0.31324458,2.588282,0.58847475,21
3358,0.00075981254,0.62708515,1.3136282,0.9540756,22
3359,0.8222737,0.42629442,2.7321422,0.5263764,23
3360,0.0007194356,0.6862624,2.0344427,0.86141676,0
3361,0.9436939,0.5289486,2.2956898,0.56762755,1
3362,0.119218834,0.68156326,0.93137217,0.82273436,2
3363,0.6298232,0.05394968,4.300958,0.94015783,3
3364,0.019019473,0.9047908,4.0985966,0.7306299,4
3365,0.6742907,0.7111948,3.09513,0.5606932,5
3366,0.9627572,0.5975608,0.77778137,0.6850667,6
3367,0.19241446,0.48267192,2.2326875,0.8236644,7
3368,0.012079029,0.39809024,3.1511002,0.5858495,8
3369,0.8237695,0.6193329,2.000337,0.8930197,9
3370,0.9396863,0.6378797,3.2307935,0.63115656,10
3371,0.046711598,0.022847144,3.1481197,0.6748968,11
3372,0.5968962,0.70987386,1.3835623,0.9199619,12
3373,8.259393e-06,0.3729986,2.5996578,0.7254075,13
3374,0.9719657,0.8588244,3.9327383,0.7513068,14
3375,0.0032741711,0.8677045,3.438312,0.83999443,15
3376,0.17124222,0.258969,3.2106829,0.48880365,16
3377,0.00061673316,0.696368,1.6980951,0.9952813,17
3378,0.6822331,0.5214398,5.0828166,0.68920857,18
3379,0.0683268,0.70018137,2.6900253,0.61010003,19
3380,0.15754336,0.7785938,4.096907,0.55266744,20
3381,0.717935,0.40703094,4.0234075,0.62770855,21
3382,0.4608663,0.6928092,1.523841,0.55768096,22
3383,0.962605,0.2465721,2.0237234,0.7952988,23
3384,0.8768727,0.5168589,2.0822697,0.7185119,0
3385,0.9261524,0.47984597,1.8873637,0.8146368,1
3386,0.38285077,0.36409628,1.3136466,0.84179294,2
3387,0.762465,0.07466037,6.1212025,0.8932609,3
3388,0.27528584,0.73055965,2.9750876,0.88022184,4
3389,0.020142326,0.7046307,2.996613,0.93986523,5
3390,0.81185424,0.51710284,1.3009717,0.745278,6
3391,0.011666358,0.26429144,1.9266424,0.82214177,7
3392,0.005096568,0.3668617,4.163336,0.70130557,8
3393,0.6599316,0.43262744,1.818336,0.71722597,9
3394,0.014446277,0.4624918,2.6429126,1.0255938,10
3395,0.030931147,0.016939592,3.1514187,0.7498324,11
3396,0.3377658,0.4295123,1.3634999,1.2268018,12
3397,0.0011384018,0.331471,3.063867,0.610918,13
3398,0.56905967,0.73678035,3.2612383,0.5555491,14
3399,0.010190501,0.87675446,3.2709835,0.43615833,15
3400,0.25639054,0.3713028,3.5685668,0.5364834,16
3401,0.07899774,0.5236772,3.318055,0.9071881,17
3402,0.0006221831,0.63675445,4.312206,0.57547396,18
3403,0.12704761,0.71062267,3.0802915,0.47470516,19
3404,0.0002780816,0.79284155,4.66791,0.82626706,20
3405,0.65825355,0.2249399,3.6303182,0.61675465,21
3406,0.9360454,0.6347432,1.4506019,0.5269821,22
3407,0.25443605,0.21057057,2.0994353,0.7478762,23
3408,0.9840024,0.6430302,1.5142887,0.6819688,0
3409,0.042972807,0.70100015,2.5091562,0.94356483,1
3410,0.4174116,0.32573277,1.0735999,0.7989416,2
3411,0.5765739,0.0522274,5.2525377,0.8012378,3
3412,0.00036875077,0.7598498,4.267147,0.8821081,4
3413,0.78170335,0.8730214,3.5958915,0.64543307,5
3414,0.54151857,0.66788197,1.015306,0.8998183,6
3415,0.004647397,0.34466556,2.513544,0.8885854,7
3416,0.00021852524,0.5142999,4.7088284,0.9671679,8
3417,0.6587005,0.501007,2.0315382,0.76265645,9
3418,0.3423429,0.55539584,3.4286036,0.5213677,10
3419,0.0012963563,0.02418583,2.7473748,0.6745795,11
3420,0.3407189,0.5029406,0.99724925,1.0383787,12
3421,0.32183388,0.43616098,3.068489,0.68749726,13
3422,0.17882766,0.7341274,3.365575,0.8473143,14
3423,0.12135417,0.63178945,4.3844547,0.49892426,15
3424,0.9996543,0.35490048,4.4786444,0.37626848,16
3425,0.97706157,0.583559,3.3435962,0.50265336,17
3426,0.0973417,0.5527011,4.944662,0.61832047,18
3427,0.8705991,0.8542239,3.0707283,0.73434854,19
3428,0.053635053,0.8102914,5.0513678,0.46447036,20
3429,0.27016202,0.41738862,2.7074363,0.68350285,21
3430,2.8732478e-05,0.7658131,2.3888252,0.7651424,22
3431,0.7445383,0.23678835,2.2507186,0.5271859,23
3432,0.012826182,0.74863565,1.4551669,0.9066118,0
3433,0.08447667,0.67322373,2.1860476,0.88202834,1
3434,0.34843016,0.17066729,1.2010366,0.76910084,2
3435,0.5655886,0.06999622,5.0628943,0.98422533,3
3436,0.06800756,0.7981031,4.7188473,0.7767475,4
3437,0.0072754505,0.9281637,2.892687,1.0483909,5
3438,0.6573841,0.63021946,1.413857,1.0791163,6
3439,0.40922558,0.7015667,1.5249239,0.68468785,7
3440,0.1863411,0.57268447,4.575644,0.53086275,8
3441,0.032056246,0.8232406,2.7787466,0.6191691,9
3442,0.057189062,0.58218664,4.170194,0.62374663,10
3443,0.015244956,0.04811688,4.1725516,0.68283486,11
3444,0.4316315,0.56641513,1.1185429,0.77279377,12
3445,0.008586817,0.28753096,2.0288012,0.6293646,13
3446,0.100221105,0.72282964,3.49294,0.6192838,14
3447,0.006339252,0.6943496,2.8246918,1.2253662,15
3448,0.68915474,0.44506934,3.6430488,0.8954796,16
3449,0.9772536,0.66961795,2.844684,0.4950136,17
3450,0.032509383,0.5905565,4.8093863,0.6495731,18
3451,0.9819348,0.8064325,2.3780086,0.6835444,19
3452,0.34355178,0.69932413,4.729667,0.6392809,20
3453,0.36104435,0.44640347,3.5398426,0.66471213,21
3454,0.007829653,0.7956163,1.6512861,0.6518107,22
3455,0.11779181,0.3950707,2.1055057,0.6133042,23
3456,0.4261443,0.62818015,3.0156765,0.71940005,0
3457,0.0907457,0.54071623,1.693929,0.638504,1
3458,0.014878164,0.4982811,1.7068541,0.76180685,2
3459,0.4987468,0.06460314,4.5730205,0.82921857,3
3460,0.00011833903,0.8798025,4.230219,0.8009654,4
3461,0.057894755,0.8756172,3.658717,0.57212204,5
3462,0.7413777,0.64503187,0.84205604,0.6833049,6
3463,0.19932307,0.36028048,3.0916312,0.9236019,7
3464,0.34506935,0.45507705,4.4248943,0.8166878,8
3465,0.14509934,0.7007297,2.13549,0.9727529,9
3466,0.22386575,0.7380522,3.5186691,0.81459546,10
3467,0.019102098,0.032623354,3.2379537,0.92271656,11
3468,0.37548432,0.6707171,1.1720903,0.5921538,12
3469,0.37909877,0.25325322,2.4161506,0.6366652,13
3470,0.17191443,0.49617332,3.9464428,0.59464294,14
3471,0.023813957,0.82507527,3.113828,0.7897457,15
3472,0.25185302,0.3992883,3.98881,0.6982643,16
3473,0.00015261852,0.35520422,2.599286,1.1049106,17
3474,0.44599825,0.567361,4.632596,0.46915543,18
3475,0.037317775,0.56574,2.0512416,0.75027,19
3476,0.9362182,0.68670803,3.9964333,0.5239808,20
3477,0.03744342,0.49534827,5.0827165,0.57929873,21
3478,0.004447147,0.77276725,1.9678034,1.1632068,22
3479,0.0061221463,0.4481201,2.1126275,0.76039684,23
3480,0.96458757,0.7374568,1.5128992,0.5426777,0
3481,0.036842056,0.4234568,1.9421159,1.012242,1
3482,0.19377534,0.70119846,1.2675705,1.1254972,2
3483,0.51428866,0.062230237,4.295127,0.82191676,3
3484,0.24157618,0.9155365,3.9469526,1.0170213,4
3485,0.015753139,0.9386193,3.070989,0.8381068,5
3486,3.5427522e-07,0.6814627,1.0344614,0.90531677,6
3487,0.07664299,0.18982239,2.0702806,0.67617965,7
3488,0.78032607,0.49629012,4.403481,0.8744684,8
3489,0.0004848722,0.6612866,2.3905888,0.75479263,9
3490,0.916339,0.5835484,3.240335,0.8740712,10
3491,0.78116447,0.022647668,4.1001034,0.8572258,11
3492,0.26947826,0.78490955,2.684577,1.4062608,12
3493,0.02832213,0.3350845,2.248272,0.93659353,13
3494,0.9488902,0.58686227,3.0162444,0.9023385,14
3495,0.042053174,0.90328604,4.9928684,0.7628279,15
3496,0.13576461,0.44275182,4.09368,0.94587195,16
3497,0.16039914,0.8046402,2.78649,0.62134206,17
3498,0.2998377,0.6083877,4.910905,0.66219914,18
3499,0.0033954035,0.75270337,1.9359162,0.712047,19
3500,0.0035428503,0.7238042,4.865671,1.0023869,20
3501,0.8835484,0.36038283,3.4690018,0.475695,21
3502,0.25576395,0.67240214,1.4758373,0.38304442,22
3503,0.026868908,0.189871,3.3692446,0.6570894,23
3504,0.001883366,0.5825593,1.1344243,0.9067048,0
3505,0.553503,0.4967569,3.46257,0.77902436,1
3506,0.8274005,0.7642075,1.0252721,0.8131015,2
3507,0.7155752,0.061225638,5.682883,0.5567355,3
3508,0.1538357,0.68314445,3.6004426,0.7287878,4
3509,0.050769143,0.8438015,2.9877634,0.6931046,5
3510,0.00039904378,0.76114815,1.4296728,0.89098364,6
3511,0.08247476,0.44683173,2.5550034,0.8670792,7
3512,0.64161855,0.5886457,4.8361535,0.5650803,8
3513,0.21722214,0.7107201,2.425061,0.5075287,9
3514,0.6149178,0.6076856,3.8590856,0.8716965,10
3515,0.042758368,0.03629702,3.8802733,0.7100167,11
3516,0.6024429,0.6929229,0.9731927,0.8416006,12
3517,0.9280229,0.2502185,3.0294805,0.67208314,13
3518,0.6759206,0.77948946,2.426471,0.4565167,14
3519,0.5101585,0.7745844,4.7773356,0.9068325,15
3520,0.57589567,0.36990193,3.9519339,0.6454008,16
3521,0.20410411,0.55772287,1.7018297,0.73681897,17
3522,0.7698344,0.58192366,4.429792,0.7987369,18
3523,0.357533,0.716065,2.6305833,0.7154752,19
3524,0.3346622,0.718107,4.3743567,0.60495275,20
3525,0.0009444508,0.4189954,3.5079904,0.6832248,21
3526,0.84970444,0.672512,1.790538,0.35862145,22
3527,0.098625995,0.3307701,3.5429788,0.7872892,23
3528,0.38836056,0.899094,1.967436,0.88194424,0
3529,0.011671489,0.34555116,1.9301476,1.06492,1
3530,0.30253485,0.7899376,1.099423,0.6873323,2
3531,0.7208117,0.046937898,5.6742983,0.73086864,3
3532,0.43394175,0.74039096,3.584557,0.83339155,4
3533,0.07161843,0.6953899,3.6311507,0.70667374,5
3534,0.5923661,0.49480417,0.8003986,0.45693928,6
3535,0.90884554,0.5671088,1.3538735,0.7238617,7
3536,0.000119873395,0.4446669,3.9336894,0.7117413,8
3537,0.19637224,0.18365996,1.9174633,0.7095543,9
3538,0.16217685,0.6242166,3.768157,0.70134664,10
3539,0.01577235,0.024382891,3.2501812,1.08663,11
3540,0.48077345,0.35404238,0.8208467,0.55947137,12
3541,0.076132275,0.38870794,3.2025495,0.7820325,13
3542,0.29185265,0.808449,3.664033,0.93019545,14
3543,0.05403211,0.8329087,2.1767993,0.64540154,15
3544,0.763299,0.3134289,4.9493275,0.7098452,16
3545,0.95700115,0.59240705,3.0835505,0.5302044,17
3546,0.005463758,0.5516504,6.089835,0.5713431,18
3547,0.015150239,0.8144062,2.2445214,0.5619373,19
3548,0.07057282,0.6250022,3.9840007,0.55119306,20
3549,0.9133158,0.31872842,3.0882668,0.5415348,21
3550,0.9102051,0.68562967,1.8925962,0.51952595,22
3551,0.0022085821,0.41142622,3.6544046,0.57893026,23
3552,0.98869646,0.68012303,2.2050736,0.6099423,0
3553,0.47044784,0.5461531,2.2678063,0.8216542,1
3554,0.06779555,0.79999614,0.80943656,0.77574694,2
3555,0.31799978,0.0724119,6.027067,0.5568966,3
3556,0.04825986,0.8525048,4.180686,1.622538,4
3557,0.9737888,0.76246357,3.0597494,0.8274908,5
3558,0.26512232,0.80498415,1.189743,0.80747986,6
3559,0.02106375,0.36774033,2.0148263,0.7688277,7
3560,0.007610488,0.5104472,3.2790713,0.8185017,8
3561,0.5605491,0.07863088,1.4614248,0.5112279,9
3562,0.9220295,0.6673498,4.3145347,0.6341818,10
3563,0.49517348,0.020748155,3.4002194,0.4806878,11
3564,0.38153166,0.29923758,1.4856844,0.5778801,12
3565,0.3912051,0.46611282,3.3038044,0.7499257,13
3566,0.28277427,0.7624233,4.0304666,0.74882275,14
3567,7.89734e-06,0.70018953,3.8689933,1.1804858,15
3568,0.48439908,0.29846647,3.41852,0.62719655,16
3569,0.0081494395,0.7045535,3.060424,0.7625139,17
3570,0.01600555,0.4948613,5.711733,0.7207965,18
3571,0.003481086,0.48667946,1.508341,0.63632935,19
3572,0.48771384,0.58192635,4.1736445,0.62349933,20
3573,0.012449748,0.3096426,3.4123113,0.7957138,21
3574,0.0068125436,0.873395,1.5439463,0.8008197,22
3575,0.9894628,0.29673535,2.4803162,0.78002524,23
3576,0.9978333,0.6672537,1.8152303,0.64804554,0
3577,0.005096036,0.27389225,1.2908679,0.7608279,1
3578,0.5322813,0.6848025,1.3170421,0.77217853,2
3579,0.5975957,0.06478188,6.34702,1.0907781,3
3580,0.025972577,0.69227165,3.488761,0.7841189,4
3581,0.022037689,0.55050665,2.5007925,0.56200296,5
3582,0.08926431,0.25899693,0.8004409,0.5453704,6
3583,0.011369762,0.48796806,2.0450706,0.8607346,7
3584,0.8188309,0.49806145,5.239737,0.6366033,8
3585,0.99857664,0.437518,2.000191,0.45987874,9
3586,0.0003911334,0.59828925,3.409583,0.9872595,10
3587,0.441462,0.01909999,4.273774,0.5652601,11
3588,0.35499853,0.6786069,1.0228587,0.7057617,12
3589,0.014803617,0.2520569,2.3670003,0.6744471,13
3590,0.58103156,0.86166394,3.809855,0.98692095,14
3591,0.013347943,0.6869516,4.502228,1.0085067,15
3592,0.8476437,0.30141538,4.2665677,0.817417,16
3593,0.005519938,0.62683094,2.7650185,0.84220207,17
3594,0.053328533,0.5052183,4.1645617,0.5807067,18
3595,0.0055084904,0.649314,2.2483554,1.1288804,19
3596,0.43180588,0.79383254,4.773541,0.5452611,20
3597,0.21890505,0.46385777,2.6327088,0.48071694,21
3598,0.977823,0.523477,1.4696139,0.57295996,22
3599,0.13551198,0.30689996,2.4765854,0.4835924,23
3600,0.88501084,0.86647373,2.0648894,0.74176645,0
3601,0.33602107,0.6156967,2.6074152,0.7291097,1
3602,0.36466774,0.96057147,0.9043557,0.6774273,2
3603,0.18607287,0.113972,5.3921647,0.6483431,3
3604,0.5517854,0.86528194,3.8180149,0.82666695,4
3605,0.55216306,0.8154266,2.680492,0.59394574,5
3606,0.11935248,0.8331721,0.74451923,0.96054983,6
3607,0.91280663,0.42942297,1.580265,0.353065,7
3608,0.025898876,0.54366183,3.432956,0.8570793,8
3609,0.9689362,0.80883145,3.3473313,0.5781688,9
3610,0.018628653,0.46203822,3.7520742,0.7799384,10
3611,0.03663847,0.040555317,3.100228,0.6965032,11
3612,0.34783578,0.5815058,1.396694,0.6183274,12
3613,3.3706834e-05,0.4889729,2.7028325,1.6371546,13
3614,0.6767169,0.64345896,3.615869,0.7972533,14
3615,0.0071929917,0.8566582,4.4071665,1.1399196,15
3616,0.0059135463,0.39341062,3.713954,0.63870555,16
3617,0.9991621,0.77025205,2.1783152,0.536324,17
3618,0.005276226,0.537703,4.94803,0.9799635,18
3619,0.11541871,0.76568985,3.0192182,0.68169826,19
3620,0.14534251,0.63366234,5.0940733,0.62986803,20
3621,0.12512842,0.40342888,3.6606665,0.40000093,21
3622,0.0013097366,0.57054216,1.8784417,0.41709527,22
3623,0.9997569,0.1602881,2.6063204,0.8874971,23
3624,0.75680643,0.48940423,1.8888104,0.6776551,0
3625,0.104050756,0.6554301,2.4957752,0.5274327,1
3626,0.0677101,0.60429,1.3080986,0.850963,2
3627,0.32918447,0.053641006,5.6109,0.736799,3
3628,0.9482936,0.8604587,3.939477,0.7365691,4
3629,0.030019062,0.7525652,2.6524284,0.8805266,5
3630,0.8967741,0.8710781,0.9651976,0.80995613,6
3631,0.0005377111,0.5352093,2.9044309,0.9596437,7
3632,0.6559839,0.61708057,5.0880747,0.83912873,8
3633,0.8113752,0.40677577,1.3211633,0.72227347,9
3634,0.33187667,0.7084462,2.643773,0.6141269,10
3635,0.0015673044,0.046231795,3.2002282,0.7905332,11
3636,0.31624025,0.9385266,2.171732,1.2292471,12
3637,0.585265,0.2514039,3.1734667,0.47719836,13
3638,0.7237939,0.81060404,3.9206476,0.9683254,14
3639,0.58551985,0.82936734,4.0878496,0.8606236,15
3640,0.62213874,0.43429142,3.891523,0.64232594,16
3641,0.6304238,0.50331974,2.3501024,1.008491,17
3642,0.7593314,0.47653264,4.6516266,0.79823756,18
3643,0.4796589,0.40787768,1.7558283,0.62008226,19
3644,0.017599706,0.66690737,6.1296277,0.7162206,20
3645,0.030974835,0.42314664,4.110331,0.6602546,21
3646,0.8936144,0.7214489,2.2348604,0.8802125,22
3647,0.24475753,0.27903265,3.2837257,0.7551713,23
3648,0.050548073,0.8348908,2.4202843,0.70026255,0
3649,0.1537543,0.49520627,1.6011112,1.0749273,1
3650,0.005314821,0.7819528,1.1156063,0.9731147,2
3651,0.87957895,0.05624846,5.2160826,0.82151055,3
3652,0.99896145,0.8911485,4.683853,0.54209375,4
3653,0.87885183,0.5001103,3.2004163,0.9253571,5
3654,0.0012114737,0.4459184,1.4702903,0.6187205,6
3655,0.20856194,0.34839115,1.8225275,0.7246003,7
3656,0.3612479,0.3999698,4.262224,0.847357,8
3657,0.18696743,0.45380667,1.6987724,0.77842426,9
3658,0.30837536,0.50134945,2.8215125,0.5289266,10
3659,0.021223558,0.036980376,3.4422708,0.9041141,11
3660,0.33327127,0.8043079,1.7090163,0.6198385,12
3661,0.92891556,0.38825175,2.2654407,0.6795635,13
3662,0.012177981,0.7771341,3.7135336,0.8503404,14
3663,0.0047628516,0.84992623,4.4004307,0.50266254,15
3664,0.0016472999,0.40962017,2.9857514,0.93533576,16
3665,0.14468823,0.8495552,2.5113761,0.4396753,17
3666,0.94463307,0.52491724,5.540654,0.8738234,18
3667,0.4908934,0.5678097,2.308132,0.7523109,19
3668,0.14087594,0.6998159,5.264103,0.46329495,20
3669,0.8438151,0.37235034,2.9882946,0.7556677,21
3670,0.015527742,0.5512702,1.2960551,0.8158228,22
3671,0.09745183,0.17185344,2.9969122,0.63471663,23
3672,0.55473775,0.8032742,1.0205963,0.7678271,0
3673,0.19018266,0.43922457,2.66193,0.80497193,1
3674,0.25034654,0.6364198,0.8574351,0.7916697,2
3675,0.20954143,0.063755594,3.3284974,0.6429368,3
3676,5.0931903e-06,0.8814185,4.6900406,1.3952374,4
3677,0.003131775,0.8185482,3.6680067,0.76438576,5
3678,0.97642636,0.33565566,0.74062,0.89025366,6
3679,0.20049883,0.546851,2.449231,0.45635885,7
3680,0.00088758,0.6140176,4.4276934,0.73961234,8
3681,2.8153847e-06,0.46466744,1.1245178,0.8005998,9
3682,0.035304893,0.6322455,4.2330165,0.81076145,10
3683,0.8948807,0.03414725,3.8363094,0.7813478,11
3684,0.50384986,0.6842942,1.2930961,0.9215044,12
3685,0.09537433,0.44061378,3.2430081,1.0093136,13
3686,0.00013507376,0.610814,4.474489,0.75691074,14
3687,0.0003976399,0.693831,3.9670613,0.8415333,15
3688,0.017187474,0.25008714,4.038537,0.69020367,16
3689,0.7618622,0.77711666,3.0257506,0.58004177,17
3690,0.99760383,0.7780033,4.071588,0.682119,18
3691,0.033113204,0.7570482,2.4873307,0.77443624,19
3692,0.9397917,0.71180195,3.3150325,0.4301922,20
3693,0.1488437,0.5157188,3.0702696,0.7385486,21
3694,0.006162619,0.7996482,2.6210136,1.1853144,22
3695,0.004134186,0.298425,2.5419645,0.6343844,23
3696,0.5874766,0.8165836,1.9120378,0.56384766,0
3697,0.70010406,0.4944975,2.0986893,0.7101103,1
3698,0.008169934,0.5572199,2.3226955,0.6543648,2
3699,0.13903637,0.058708258,5.6362004,0.6530797,3
3700,0.7183736,0.8351544,4.425293,0.96926093,4
3701,0.32920733,0.8024181,2.221703,0.6459329,5
3702,0.09074603,0.8603864,1.4910518,0.79326785,6
3703,0.01369316,0.32601413,2.2254786,1.1201739,7
3704,0.18775406,0.6478452,3.5674324,0.7236126,8
3705,0.044115063,0.6769507,2.05001,0.91956604,9
3706,0.034172196,0.6494894,4.162933,0.9650446,10
3707,0.09973145,0.01874676,3.1108024,0.6648934,11
3708,0.46105227,0.70358187,1.9455233,1.1018646,12
3709,0.0005229259,0.34361222,2.9539144,0.6717461,13
3710,0.7355105,0.82059604,4.767429,0.65888774,14
3711,0.00039797477,0.77921575,3.6962633,1.0370109,15
3712,0.077532664,0.3767267,3.8978462,0.8263445,16
3713,0.036981903,0.6409904,3.182433,0.6849953,17
3714,0.79580474,0.60895705,4.0447674,0.5698826,18
3715,0.38416716,0.73738474,3.2062948,0.58654445,19
3716,0.0313712,0.7996992,4.5932393,0.7258899,20
3717,0.015509508,0.45589834,2.9373243,0.51406384,21
3718,0.09580419,0.63503885,2.2414665,0.90393454,22
3719,0.004289222,0.17975944,3.0741713,0.86538863,23
3720,0.8935842,0.90847594,2.5799563,0.6917698,0
3721,0.6212502,0.58171636,2.978678,0.6439125,1
3722,0.05315862,0.6642509,1.4377391,0.59502095,2
3723,0.8990598,0.04957451,5.69582,0.8046203,3
3724,0.88532656,0.8663509,4.727619,0.49323547,4
3725,0.097296394,0.7868108,3.0712948,0.64278626,5
3726,0.9824723,0.9238615,1.8444027,0.60984457,6
3727,0.48844072,0.49664557,1.7127548,0.51538455,7
3728,0.075722754,0.35767254,4.2695,0.7826816,8
3729,0.0071718823,0.16024134,1.7412138,0.60695106,9
3730,0.08402301,0.5523169,4.099484,0.72869647,10
3731,0.5318873,0.035506036,4.5465426,0.8173326,11
3732,0.26129892,0.6938008,2.665827,0.96559936,12
3733,0.64605886,0.38333607,3.2481518,0.5889487,13
3734,0.16579318,0.74452287,3.9762907,0.6741068,14
3735,0.06623978,0.71364313,4.439153,0.6063141,15
3736,0.26709577,0.516678,4.5597982,0.6856013,16
3737,0.024027849,0.53841954,2.830667,0.6578797,17
3738,0.9136629,0.58926874,3.5056136,0.67478746,18
3739,0.98439664,0.77681977,2.6887944,0.81615853,19
3740,0.06649884,0.6805116,4.9786115,0.7125981,20
3741,0.4361148,0.5355264,2.9093952,0.6171647,21
3742,0.089471675,0.7768608,1.2506375,0.90821254,22
3743,7.734705e-05,0.25343123,2.4107707,0.6711887,23
3744,0.08085013,0.6911135,2.2936413,0.93996793,0
3745,0.83995473,0.3539102,2.4142647,0.72994655,1
3746,0.24989478,0.63328123,0.75216424,0.5579842,2
3747,0.55339634,0.055076294,4.5546775,0.8225013,3
3748,0.07449605,0.7254811,2.6350317,0.75964665,4
3749,0.10493523,0.8081973,4.493612,0.8833878,5
3750,0.0050492166,0.8095957,0.8851335,0.78479767,6
3751,0.11336359,0.84609526,3.5279534,0.72948277,7
3752,0.00095120975,0.4070931,4.7667365,0.8359835,8
3753,0.20814846,0.780504,2.3385727,0.9141463,9
3754,0.039575536,0.37347513,2.4401991,0.66153944,10
3755,0.00011281739,0.060962785,3.9146004,0.86380714,11
3756,0.37376192,0.37772772,1.4549961,0.8368145,12
3757,0.27692294,0.22833024,2.7211344,0.5292217,13
3758,0.026454363,0.7894904,3.078886,1.1318933,14
3759,0.43892178,0.7439379,3.6260448,0.7608385,15
3760,0.3763326,0.3981314,2.8285913,0.8313915,16
3761,0.007664779,0.57476795,1.8291508,0.52921426,17
3762,0.025886368,0.581627,6.577176,0.74515545,18
3763,0.22831641,0.56762046,2.045361,0.6811654,19
3764,0.9093081,0.692551,4.684809,0.36003995,20
3765,0.011011302,0.25619763,3.939942,0.84653175,21
3766,0.036664598,0.69407165,1.3545971,0.7443861,22
3767,0.21417864,0.37772655,2.724666,0.54981524,23
3768,0.0024085476,0.43885574,1.8813095,0.9746096,0
3769,0.42287728,0.6263261,1.8478665,0.5627584,1
3770,0.26506805,0.6112778,1.413921,0.56045496,2
3771,0.5425343,0.06425008,6.325716,0.7207697,3
3772,0.00021157223,0.8680818,4.1253953,1.0652094,4
3773,0.8009894,0.69030225,3.164657,0.7008496,5
3774,0.9925007,0.6148465,1.1966317,0.6803734,6
3775,0.17429413,0.4999811,2.9878128,0.6759802,7
3776,0.70366436,0.4589178,4.395005,0.6027618,8
3777,0.41043827,0.47056833,1.8734863,0.9232383,9
3778,0.024333812,0.4565548,2.9454396,0.8615964,10
3779,0.017437117,0.017030343,3.4194744,0.6428197,11
3780,0.55327183,0.4706928,1.3939209,1.060415,12
3781,0.036694523,0.22429779,2.456441,0.7684657,13
3782,0.0641039,0.7481096,3.7449636,0.77034223,14
3783,0.0039402796,0.88311195,3.7021742,0.8709129,15
3784,0.8622206,0.35463437,4.260767,0.74626136,16
3785,0.02849729,0.47480705,3.029009,0.7906865,17
3786,0.00294001,0.4358681,4.1040244,0.8118686,18
3787,0.24108881,0.67963654,2.365124,0.65354717,19
3788,0.042288393,0.87371266,5.1098824,0.5646284,20
3789,0.0030770267,0.4216343,4.496519,0.62011695,21
3790,0.00097064994,0.5973064,0.9625388,1.0454011,22
3791,0.030475007,0.2526496,2.9940352,0.63666254,23
3792,5.4131774e-06,0.83080846,1.8118558,1.0046095,0
3793,0.37178153,0.5044937,2.0440457,0.5423791,1
3794,0.0641766,0.35985094,1.0903461,0.8072006,2
3795,0.4176426,0.058885183,5.7244024,0.70239186,3
3796,0.79368484,0.8793928,3.5799618,0.69062203,4
3797,0.3069165,0.7409547,3.3946261,0.67021126,5
3798,0.9446571,0.76620966,1.0406504,0.8335233,6
3799,0.45872888,0.28379524,2.514943,0.6264099,7
3800,0.40875885,0.59793115,4.70422,0.78786874,8
3801,0.20364764,0.8711166,1.9656819,0.7527441,9
3802,0.1544089,0.57835555,2.955037,0.773075,10
3803,0.13086389,0.029766833,3.6703253,0.8020066,11
3804,0.5378274,0.6040098,1.5746312,0.79632694,12
3805,0.42533705,0.31190428,2.422935,0.6569168,13
3806,0.27374431,0.7312743,4.270468,0.50572765,14
3807,0.0030894408,0.91777176,3.1608536,0.7074854,15
3808,0.7222818,0.37096867,3.4023185,0.69916844,16
3809,0.0013306881,0.6671987,2.7934198,0.8773421,17
3810,0.68523777,0.44921857,4.566194,0.6586702,18
3811,0.024126295,0.8612451,3.5756838,0.7063567,19
3812,0.0049989014,0.6773108,3.2789671,1.0030537,20
3813,0.715253,0.36258048,3.633094,0.65562975,21
3814,8.620099e-05,0.7758662,1.1425049,0.92148155,22
3815,0.66812664,0.16224083,2.2366872,0.8183399,23
3816,0.0040182243,0.6033065,2.2986908,0.9725796,0
3817,0.26543772,0.6566938,2.5545201,0.89829916,1
3818,0.95225537,0.765954,1.4667337,0.7401769,2
3819,0.90914875,0.06179578,4.2280273,0.900636,3
3820,0.9999827,0.87275046,5.1851983,0.516461,4
3821,0.41718483,0.9102069,3.2569418,0.6459973,5
3822,0.8855037,0.7622234,1.0643709,0.6537423,6
3823,0.38233307,0.5435367,2.324421,0.7383969,7
3824,0.14110476,0.44692734,5.4433813,0.5872213,8
3825,0.9629342,0.47702822,2.2658348,0.907967,9
3826,0.050956544,0.5629355,3.65655,0.8044746,10
3827,0.005664123,0.01491603,2.9479945,0.6497592,11
3828,0.26958764,0.57087004,2.3581433,0.9060724,12
3829,0.0006768536,0.4134017,2.440089,0.81344306,13
3830,0.90617275,0.77431685,4.3110905,0.7572831,14
3831,0.04671659,0.82280177,3.5111957,0.60584795,15
3832,0.0956855,0.40828508,3.9344168,0.70450675,16
3833,0.0020380828,0.7182183,2.5010266,0.76377213,17
3834,0.0120995995,0.52496815,5.495141,0.84043735,18
3835,0.32922876,0.65627414,2.1044645,0.64167666,19
3836,0.046045788,0.6376603,5.526969,0.7398819,20
3837,0.5591943,0.46140435,2.7370846,1.4364253,21
3838,0.03071628,0.7323226,2.0773244,0.9082723,22
3839,0.13067211,0.18985306,2.9663892,0.59348154,23
3840,0.8196127,0.7399935,2.053816,0.5883816,0
3841,0.90197486,0.58615464,3.2966032,0.69486505,1
3842,0.76742667,0.69562495,1.2291903,0.85873437,2
3843,0.3622865,0.058430046,5.423666,0.55720365,3
3844,9.224028e-05,0.85249174,3.9866266,1.3953925,4
3845,0.5107436,0.6731164,4.1671047,0.4631369,5
3846,0.9984407,0.44982517,0.55826056,0.6213486,6
3847,0.010448399,0.50470614,2.4665833,0.56804526,7
3848,0.0022815838,0.28971162,3.8345494,0.6947613,8
3849,0.94951975,0.8882788,2.7050223,0.86788857,9
3850,0.22768214,0.53997654,3.173521,0.94983125,10
3851,0.14958036,0.018296398,2.724884,0.80446595,11
3852,0.42193836,0.67246586,1.0857494,0.75545466,12
3853,0.10701807,0.48015326,3.00192,0.6061227,13
3854,0.027847612,0.5698982,3.4891157,0.70785964,14
3855,0.9948887,0.92111224,3.979208,0.54056746,15
3856,0.0070433533,0.24228437,3.1315634,0.95057714,16
3857,0.1752092,0.7133267,1.6648443,0.6270369,17
3858,0.9102807,0.5909054,4.883413,0.59737,18
3859,0.14925633,0.7975242,2.0286298,0.54469967,19
3860,0.036177807,0.77069753,3.6784487,0.6498155,20
3861,0.16825919,0.32814783,3.3357668,0.95935476,21
3862,0.8552188,0.4919369,0.8806623,0.6192511,22
3863,0.03868022,0.36495328,2.7330983,0.45543733,23
3864,0.98671746,0.66171587,2.7995255,0.7595975,0
3865,0.0073687024,0.41669512,2.36728,0.89618754,1
3866,0.1745339,0.4406569,0.772352,0.5070042,2
3867,0.49328038,0.04783897,4.421174,0.86442804,3
3868,0.9978397,0.668347,3.8566139,0.40568697,4
3869,0.51631176,0.81266886,3.3223925,0.4883418,5
3870,0.040504742,0.7643254,0.6388148,0.72426915,6
3871,0.0064970884,0.28890005,2.3682733,1.0830523,7
3872,0.5203391,0.4689488,4.275119,0.6412085,8
3873,0.014659425,0.65367573,1.5933048,0.9520676,9
3874,0.01186173,0.577515,1.7958952,0.71892583,10
3875,0.025475515,0.023709843,2.6305323,0.8647636,11
3876,0.42384252,0.7685265,2.2461586,0.92302674,12
3877,0.01525049,0.3767772,3.0829678,0.5086163,13
3878,0.032218445,0.8105472,3.2220032,0.8172982,14
3879,0.0015630621,0.7136231,3.0368426,0.97291374,15
3880,0.024206169,0.45298827,3.580749,0.88505375,16
3881,0.023125604,0.3824801,2.4581935,0.8544176,17
3882,0.820937,0.52958727,3.3509743,0.72328496,18
3883,0.11188549,0.654492,3.6269472,1.0505614,19
3884,0.14263381,0.66592,4.002992,0.6949737,20
3885,0.051256374,0.36387745,3.0698774,1.1648339,21
3886,0.9973816,0.7506916,1.8812145,0.60012704,22
3887,0.3896815,0.25458878,2.2347882,0.7184556,23
3888,0.6563987,0.7605791,2.5038977,0.868394,0
3889,0.0549019,0.1677589,2.7180834,1.0255327,1
3890,0.0770301,0.5509768,2.435935,1.0854416,2
3891,0.37115973,0.057233676,4.776592,0.63061804,3
3892,1.6485705e-05,0.7759394,3.391876,1.1018949,4
3893,0.75505215,0.9490711,2.6785498,0.8031347,5
3894,0.9993818,0.79920304,1.2596191,0.7856215,6
3895,0.016364496,0.4118044,1.4109777,0.6942647,7
3896,0.6517297,0.5795136,5.1153555,0.7273113,8
3897,0.97132224,0.45633155,2.2010324,0.50886625,9
3898,0.16702175,0.518424,2.5252552,0.78535604,10
3899,0.0043908395,0.028028468,4.5090046,0.7951814,11
3900,0.64253557,0.44649205,1.7297158,0.72409743,12
3901,0.3379691,0.30096063,2.6756802,0.80119526,13
3902,0.13019842,0.5418013,3.5711596,0.7707452,14
3903,0.8512447,0.8036884,4.2792244,0.62379074,15
3904,0.610819,0.4334462,4.247303,0.75221217,16
3905,0.19563052,0.39271972,2.1063318,0.7327318,17
3906,0.5311546,0.5724815,5.5824,1.0943887,18
3907,0.25810453,0.62236816,2.8559399,0.5926132,19
3908,0.04001403,0.709167,5.147423,0.7846222,20
3909,0.016261518,0.48478466,3.3050666,0.55483097,21
3910,0.13722774,0.833931,2.648106,0.45653167,22
3911,0.3135966,0.24004732,1.9081106,0.7882947,23
3912,0.025288176,0.7549896,1.968395,1.0211025,0
3913,0.94799334,0.4158888,2.2143855,0.5270063,1
3914,0.56304383,0.9151133,1.146267,0.9863761,2
3915,0.35555756,0.082722686,4.6939335,1.0581322,3
3916,0.5209443,0.8390359,4.307024,0.9122864,4
3917,0.03301428,0.92569405,4.0974073,0.7865019,5
3918,0.017322768,0.6596344,1.1794817,0.79789335,6
3919,0.11084805,0.21120864,2.306674,0.53991306,7
3920,0.0873131,0.39047307,3.899991,0.86735904,8
3921,0.00015774852,0.36983502,1.5128165,1.0183177,9
3922,0.4651929,0.5350151,3.3586526,1.0176235,10
3923,0.1266972,0.021612927,3.5579565,0.64753604,11
3924,0.34246832,0.59261554,1.3033681,0.86046827,12
3925,0.034274608,0.24923156,2.7664008,0.558716,13
3926,0.5709951,0.8561835,3.8152802,0.5970602,14
3927,0.98644805,0.88121414,3.241487,0.69801503,15
3928,0.017915113,0.38785028,4.209165,0.98800725,16
3929,0.00021839714,0.60553426,2.3368948,0.8354937,17
3930,0.0025426731,0.70692146,5.05351,0.74611926,18
3931,0.33235827,0.5835167,1.4803934,0.59096503,19
3932,0.21618377,0.58658653,4.7129474,0.857226,20
3933,0.2694479,0.47867987,3.1178186,0.6649693,21
3934,0.92229927,0.7572771,1.8065445,1.0027527,22
3935,0.59482217,0.3728418,3.2877395,0.71289194,23
3936,0.00012532975,0.50748116,1.6353874,1.3894229,0
3937,0.5942811,0.49384376,2.1837225,0.58575237,1
3938,0.8627585,0.6078851,1.6249518,1.08453,2
3939,0.15776174,0.08460798,5.662674,0.87442505,3
3940,0.99986875,0.8715348,3.643383,0.5255288,4
3941,0.3208495,0.726593,2.8273203,0.86562026,5
3942,3.6584097e-05,0.7945096,0.93425745,0.9178727,6
3943,0.055270925,0.47403908,2.597373,0.8433077,7
3944,0.9434749,0.44292146,3.6418428,0.56110716,8
3945,0.8463515,0.7438235,2.1131282,0.5735427,9
3946,0.7300332,0.6098639,3.019146,0.87855095,10
3947,0.016658641,0.029395297,3.1239586,0.53454083,11
3948,0.38874432,0.48264247,1.2920415,0.896138,12
3949,0.010285155,0.4159207,2.9390383,0.7420829,13
3950,0.39928526,0.77211314,4.160467,0.9750837,14
3951,0.00653872,0.81268734,4.1865854,0.7452157,15
3952,0.0032144396,0.42622858,4.438898,0.85120845,16
3953,0.2543144,0.55372715,2.2748275,0.7251972,17
3954,0.05709185,0.49040988,6.340852,0.5265583,18
3955,0.27510354,0.76693743,1.7634994,0.8400395,19
3956,0.09764307,0.6224889,3.5803633,0.9808923,20
3957,0.5934574,0.39443007,4.1798167,0.6503775,21
3958,0.42314768,0.44568148,1.0942893,0.9632193,22
3959,0.040523503,0.39233583,1.8405133,0.8553386,23
3960,0.05238701,0.8654686,2.5484786,1.1322492,0
3961,0.258051,0.43920916,1.3943677,0.802249,1
3962,0.6262118,0.4265662,1.0770704,0.5386189,2
3963,0.2844058,0.079092786,4.3528523,0.62075657,3
3964,1.572883e-05,0.9482644,5.2194567,1.1136858,4
3965,0.35569367,0.70926106,3.6865757,0.79838383,5
3966,0.6626888,0.36821067,1.0609336,0.56774765,6
3967,0.4340847,0.67683244,2.811523,0.57557344,7
3968,0.028442858,0.3451215,3.6559606,0.7986632,8
3969,0.037871033,0.5163445,1.9256586,0.56508183,9
3970,0.59127176,0.7719672,3.8564441,0.8807981,10
3971,0.004387206,0.03410791,4.0611296,0.5302464,11
3972,0.49710557,0.5795065,1.3926638,0.70245373,12
3973,0.0019601507,0.4772308,2.8667119,0.8825526,13
3974,0.19422673,0.87042284,3.6630669,0.9176347,14
3975,0.44469523,0.80645293,3.734422,0.7002733,15
3976,0.8923286,0.5105244,3.834054,0.85299027,16
3977,0.21557699,0.53418994,1.9399608,0.7785041,17
3978,0.9994062,0.6096698,4.861961,0.76954937,18
3979,0.9475952,0.804472,2.1977549,0.6730331,19
3980,0.67213374,0.7884818,4.4981203,0.5713104,20
3981,0.8755612,0.32790038,4.823886,0.76266474,21
3982,0.118176095,0.7488266,1.9052159,0.829056,22
3983,0.011824108,0.48928538,2.574966,0.80072254,23
3984,0.66195095,0.4984023,1.8250607,0.88715845,0
3985,0.07166308,0.35163775,1.4364849,1.0834212,1
3986,0.08332281,0.9039422,1.0199093,0.8370065,2
3987,0.5133469,0.058870472,4.5236673,0.7805929,3
3988,0.0029153991,0.8347623,4.690089,0.6552352,4
3989,0.5117828,0.62865794,3.8442872,0.9956502,5
3990,0.7862363,0.81402254,0.73602104,0.71006626,6
3991,0.062726945,0.44889006,2.5330303,0.6794528,7
3992,0.4200397,0.55987257,5.3390784,0.49062866,8
3993,0.71719235,0.58737093,2.0896451,0.65186465,9
3994,0.9751746,0.6110379,4.7699647,0.5636019,10
3995,0.94256955,0.020423492,3.406222,0.649331,11
3996,0.587125,0.40466967,0.79986775,0.6208677,12
3997,0.15387306,0.23930517,2.4734826,0.6321142,13
3998,0.12641485,0.7885853,3.6752448,0.7338959,14
3999,0.07057348,0.64654416,4.012665,0.72959596,15
4000,0.304202,0.36235625,3.4760647,0.9526933,16
4001,0.6288894,0.62081057,1.8292799,0.3761712,17
4002,0.020245206,0.5620161,5.4978514,0.6827715,18
4003,0.9308168,0.67245775,3.5547223,0.7438615,19
4004,0.0038461154,0.6044643,3.9029722,0.86550623,20
4005,0.9891361,0.34592074,3.9721358,0.6674523,21
4006,0.9993967,0.58345485,1.7844588,0.38321435,22
4007,0.95632136,0.2895348,3.2297442,0.42871848,23
4008,0.033671204,0.40110272,2.9143693,1.0081964,0
4009,0.6107618,0.48479804,3.048165,0.93444407,1
4010,0.5904768,0.76607627,2.6685643,0.65877485,2
4011,0.18725942,0.12962763,5.3246455,0.7344678,3
4012,0.9964605,0.81493205,4.5525856,0.6732035,4
4013,0.52088434,0.60010874,4.733985,0.8329376,5
4014,0.8706719,0.9373525,1.4694177,0.85150605,6
4015,0.037822276,0.77322894,2.544579,0.82616735,7
4016,0.3419097,0.44083774,3.1715755,0.7063681,8
4017,0.035096563,0.3080391,1.6176167,0.6066731,9
4018,0.017283516,0.47565502,3.5835955,0.95267564,10
4019,0.026089795,0.023251744,3.9188104,0.5498115,11
4020,0.6009167,0.3794507,1.1661936,1.2929251,12
4021,0.0031098346,0.30603746,3.339903,0.8360311,13
4022,0.012196385,0.86638,3.52167,0.9447071,14
4023,0.0035270448,0.7992675,3.263334,0.82812244,15
4024,0.06454083,0.3362181,4.30078,0.6093413,16
4025,0.4577883,0.5209443,1.8966265,0.69011146,17
4026,0.9482417,0.5172326,4.816941,0.5850147,18
4027,0.7767419,0.7913681,2.6850274,0.4713622,19
4028,0.39549676,0.7772901,3.3276439,0.7423571,20
4029,0.94362813,0.49717736,4.122613,0.79177237,21
4030,0.88709825,0.6102884,1.2107728,0.80283904,22
4031,0.86639196,0.1886383,3.4560428,0.71071,23
4032,0.00022818359,0.81256205,1.3808503,1.056932,0
4033,0.018717077,0.32729682,1.626789,1.0153438,1
4034,0.04377854,0.5413017,1.9061854,0.9326789,2
4035,0.6799248,0.068461746,5.804516,0.7103716,3
4036,0.00029087183,0.8162528,2.990351,1.2866818,4
4037,0.5081784,0.8455293,2.331218,0.7104665,5
4038,0.5373527,0.19347613,1.1337383,0.58929765,6
4039,0.09902247,0.6312682,2.262649,0.68813735,7
4040,0.032657973,0.45856553,3.735708,0.6551891,8
4041,0.8855558,0.77962583,2.8399994,0.74346125,9
4042,0.3457665,0.48188934,3.6236978,0.6395887,10
4043,0.009354507,0.024872173,3.2783132,0.77588403,11
4044,0.42506808,0.23953205,1.550674,0.9647391,12
4045,0.033557184,0.41994938,2.9037974,1.2536478,13
4046,0.20357256,0.70650804,3.885807,0.824689,14
4047,0.023730477,0.80570096,4.633605,0.817894,15
4048,0.9928364,0.47651792,4.0025654,0.47525996,16
4049,0.00053089904,0.57572746,2.851863,0.6180047,17
4050,0.51449484,0.64359385,5.435626,0.6207734,18
4051,0.013034776,0.73622674,2.4259222,0.8310839,19
4052,0.085619956,0.6455262,3.6167417,0.73834306,20
4053,0.036253918,0.25868967,3.7033305,0.80743676,21
4054,0.9441447,0.5418139,1.6586552,0.83927643,22
4055,0.31128582,0.36006764,2.135503,0.673167,23
4056,0.37485987,0.55717015,1.6632435,0.7068029,0
4057,0.8656837,0.5585859,1.3151449,0.66340494,1
4058,0.2613887,0.28673288,0.4823466,0.64151233,2
4059,0.5343115,0.05524821,5.692367,0.615059,3
4060,0.23798242,0.85712886,4.607098,0.833509,4
4061,0.61649454,0.85872555,3.2356715,0.524996,5
4062,0.006177005,0.8758419,1.564748,0.54352415,6
4063,0.07033683,0.46343216,2.058514,0.5887805,7
4064,0.020219807,0.5464376,3.7963796,0.6126886,8
4065,0.20415567,0.6244877,2.0114412,0.8270315,9
4066,0.8709047,0.5454932,4.134496,0.77996314,10
4067,0.57794803,0.02901654,3.660977,0.8749866,11
4068,0.42471874,0.2321469,1.3936676,1.1399441,12
4069,0.9956482,0.4043543,2.5846667,0.8451802,13
4070,0.041269347,0.56453717,2.9072583,0.7423669,14
4071,0.08388412,0.8312773,3.6665761,0.5147641,15
4072,0.06258885,0.36669248,3.7540421,0.7882273,16
4073,0.00021294216,0.41456047,1.7424664,1.033888,17
4074,0.0068391995,0.43283686,4.576641,0.6133262,18
4075,0.27288288,0.8857054,3.0615304,0.48224264,19
4076,0.023577351,0.644809,3.4019294,1.1174432,20
4077,0.270823,0.31470752,3.8633318,0.5349286,21
4078,0.78391474,0.6305649,1.7709856,0.6986573,22
4079,0.19410716,0.24589829,3.4222689,0.514115,23
4080,0.5526286,0.8100626,2.196772,0.6172578,0
4081,0.1564164,0.53451705,2.4159195,0.5914153,1
4082,0.17077722,0.55209017,1.5287613,0.7883246,2
4083,0.66358477,0.04613325,5.3219995,0.7196123,3
4084,0.0005014443,0.9141209,5.070938,1.2034689,4
4085,0.46016937,0.6964279,3.9720268,0.59396183,5
4086,0.99999833,0.87423223,1.048219,0.7159896,6
4087,0.2869972,0.33674502,1.8740687,0.6097054,7
4088,0.44442034,0.45621362,3.470953,0.59103435,8
4089,0.02874939,0.5298458,1.5778769,0.7850784,9
4090,0.2059068,0.595948,3.808466,0.7138545,10
4091,0.9595451,0.017221257,4.192353,0.64110607,11
4092,0.5939453,0.7766174,1.5602119,0.65361387,12
4093,0.0071292887,0.29815593,2.856356,1.0578401,13
4094,0.18191317,0.941471,3.531848,0.670627,14
4095,0.213659,0.88709855,4.2819448,0.88186747,15
4096,0.99624074,0.6004982,6.339937,0.70926017,16
4097,4.2721636e-05,0.5067186,2.7456484,0.8482454,17
4098,0.9118991,0.657478,5.0451927,0.55780584,18
4099,0.9319431,0.71174204,2.1773853,0.6837759,19
4100,0.6142983,0.74261534,4.41929,0.61809593,20
4101,0.008447128,0.28229278,2.5773654,1.2375118,21
4102,0.60966253,0.4489508,1.153991,0.45226976,22
4103,0.790041,0.28807327,3.2588837,0.85116124,23
4104,0.99908864,0.823904,1.456427,0.68931884,0
4105,0.43109205,0.49743545,2.7490163,0.6609458,1
4106,0.09062005,0.6161016,1.9219735,0.8627501,2
4107,0.65530497,0.054959055,6.054237,1.1105934,3
4108,0.6465406,0.94168645,4.396066,0.5965705,4
4109,0.073923215,0.64017296,3.268108,0.5524811,5
4110,0.36401975,0.5820367,0.7077854,0.6859839,6
4111,0.22197877,0.22264376,1.7699661,0.5976369,7
4112,0.009177259,0.4734432,3.5531893,0.8328167,8
4113,8.453974e-05,0.7303996,1.6708171,0.99410725,9
4114,0.06469837,0.65742904,3.9104552,0.4598497,10
4115,0.087208316,0.035097484,4.383319,0.7220426,11
4116,0.4927,0.83955544,1.6590314,0.9178689,12
4117,0.29023796,0.41867787,3.0933151,0.9296346,13
4118,0.30506766,0.83085024,3.1438236,0.9300112,14
4119,0.31840995,0.70510525,4.9454594,0.6774679,15
4120,0.50678134,0.31734803,3.6466386,0.5393772,16
4121,0.6005814,0.31971833,1.6866761,0.7252841,17
4122,0.994849,0.5630311,3.347674,0.53979194,18
4123,0.93642265,0.70624465,1.7103821,1.1167926,19
4124,0.3192005,0.7402567,4.0850787,0.5709098,20
4125,0.0024330833,0.34376177,3.8384113,0.53942645,21
4126,0.005741657,0.68604094,1.644192,1.0792621,22
4127,0.30252028,0.2039988,3.9685926,0.59223455,23
4128,0.14194342,0.7873556,1.4940715,0.62992746,0
4129,0.28183356,0.41441923,2.795538,0.7331941,1
4130,0.014993276,0.56006676,1.0552717,0.5980895,2
4131,0.47632614,0.063525364,6.1413326,0.76648605,3
4132,0.0831465,0.88285977,4.5535946,0.7025454,4
4133,0.081178926,0.7524824,3.1304235,0.6447407,5
4134,0.00075096136,0.58231175,1.1860876,0.7626847,6
4135,0.07176177,0.70027435,3.256229,0.7098992,7
4136,0.1810276,0.3267,4.7346745,0.5205674,8
4137,0.25016072,0.49426842,2.5069146,0.9627479,9
4138,0.016890943,0.47975257,3.1881547,0.86635953,10
4139,0.38905448,0.034490705,3.6227117,0.7791662,11
4140,0.6567627,0.712902,2.183639,0.9732245,12
4141,0.004478484,0.41339043,4.6040826,0.78054637,13
4142,0.00072089396,0.7282355,3.809316,0.6940905,14
4143,0.26018795,0.8322933,3.218174,0.5924706,15
4144,0.00033226833,0.37149817,4.353529,0.7240466,16
4145,0.00483253,0.60702115,2.8533962,0.60685176,17
4146,0.80214345,0.6288259,3.9747925,1.0676888,18
4147,0.98472244,0.83016354,4.2274384,0.5006795,19
4148,0.8300839,0.6430909,3.8015838,0.6260887,20
4149,0.08354053,0.48611316,5.0709653,1.0853363,21
4150,0.85180515,0.5497367,2.0774775,0.6071674,22
4151,0.6163579,0.39003235,2.9123592,0.6885138,23
4152,0.31622794,0.6987906,2.001393,0.8971499,0
4153,0.5513782,0.39974388,1.5751507,0.7130242,1
4154,0.27487916,0.72737783,0.8806405,0.7333178,2
4155,0.4612284,0.06525926,4.192501,0.9028172,3
4156,0.013414049,0.81484604,3.6684034,1.06194,4
4157,0.18291725,0.8559712,2.9551985,0.7044921,5
4158,0.83648074,0.9206608,1.4447255,0.56697655,6
4159,0.973808,0.42211276,2.9152174,0.70309615,7
4160,0.32032055,0.35326296,3.9400613,0.9359075,8
4161,2.7681817e-05,0.7219947,1.6247807,0.8161615,9
4162,0.19837353,0.68986636,4.374095,0.665635,10
4163,0.28087172,0.021715594,3.4957414,0.79015905,11
4164,0.42049736,0.5864254,1.8258474,0.9314429,12
4165,0.02344109,0.37719148,3.2108328,0.55089706,13
4166,0.98005223,0.69723654,3.561222,0.59204745,14
4167,0.3492603,0.8492551,3.7686493,0.6766803,15
4168,0.7111048,0.3623882,4.5948963,0.5200594,16
4169,0.5769725,0.28099167,1.6058272,0.40934846,17
4170,0.00042500917,0.6151284,4.2435656,0.9277216,18
4171,0.79884386,0.71734565,2.3875866,0.7568637,19
4172,0.9730849,0.8700456,4.4194455,0.8690587,20
4173,0.20544696,0.37986892,3.7952647,0.6870565,21
4174,0.0035444212,0.74501705,2.455746,1.0059841,22
4175,0.28000727,0.2596945,2.4565916,0.6785167,23
4176,0.2191146,0.31736663,2.2227082,0.6390134,0
4177,0.012300961,0.3924694,2.5710156,0.56501853,1
4178,0.09216535,0.41766343,2.0980582,0.98543847,2
4179,0.30031407,0.07904605,4.316209,0.74053395,3
4180,0.99980205,0.9059013,4.1901455,0.97466063,4
4181,0.0011436108,0.61289555,2.3174312,1.1033235,5
4182,0.9882559,0.7681961,1.1475408,0.5000551,6
4183,0.013237843,0.64334345,3.00239,1.1873101,7
4184,0.50715184,0.5018653,4.1794868,0.85177803,8
4185,0.007673365,0.74539065,2.2869334,0.645377,9
4186,0.5843398,0.79328185,3.7216723,0.70359236,10
4187,0.0036973907,0.044072367,4.0122,0.67460275,11
4188,0.38242212,0.4381665,0.9851456,1.1314778,12
4189,0.9952844,0.39666373,3.0563498,0.5829003,13
4190,0.964937,0.8193655,3.3141618,0.8031322,14
4191,0.32134107,0.862986,4.2217345,0.66554105,15
4192,0.011334879,0.45484585,4.624657,0.61358976,16
4193,0.0077885734,0.57014066,2.7134662,0.95632005,17
4194,0.0021044742,0.57542527,5.718342,0.76297015,18
4195,0.01924669,0.7485874,2.4103742,0.75353265,19
4196,0.002049888,0.75422853,4.4103985,0.9664506,20
4197,0.16958722,0.45006874,3.950231,0.5948883,21
4198,0.024447717,0.42150208,1.5193814,0.5465232,22
4199,0.154075,0.19139719,1.85309,0.65609604,23
4200,0.24468996,0.83917767,1.681404,0.8879255,0
4201,0.90326613,0.5550914,1.848207,0.5522346,1
4202,0.7664699,0.9640147,2.2933397,0.8077297,2
4203,0.27293617,0.054305367,5.741157,0.64942837,3
4204,0.96974987,0.753329,3.495548,0.70495343,4
4205,0.5346319,0.75256157,3.0892828,0.83839536,5
4206,0.9994698,0.45667776,1.6159453,0.6029848,6
4207,0.06901516,0.5736369,3.684577,0.58123225,7
4208,0.9985858,0.42961195,2.5663922,0.5592752,8
4209,0.7476048,0.298325,2.2930102,0.8001418,9
4210,0.13621621,0.4940298,3.2257116,0.551875,10
4211,0.0002882682,0.027582724,3.1901054,0.5554103,11
4212,0.43024346,0.45824122,1.1158166,0.74290866,12
4213,0.19232768,0.3585007,3.0680652,0.676402,13
4214,0.6731641,0.78329283,4.068342,0.61458623,14
4215,0.04887378,0.665858,3.6881018,0.8657179,15
4216,0.4215702,0.4198765,3.709017,0.6840444,16
4217,0.04908483,0.57497406,2.5567203,0.66236085,17
4218,0.9013909,0.4452656,3.8276014,0.90291846,18
4219,0.061858773,0.8018461,2.2623148,0.6526716,19
4220,0.4610977,0.7134388,3.3830585,0.42975432,20
4221,0.0014663907,0.46622816,4.8792925,1.1366107,21
4222,0.28491384,0.745663,2.344895,0.67494047,22
4223,0.033421796,0.29799342,3.2095573,0.7711885,23
4224,0.008954951,0.2988084,1.7167821,0.8287815,0
4225,0.000687591,0.37815726,1.9906805,0.53826666,1
4226,0.89675283,0.34416938,1.123556,1.0136138,2
4227,0.6040029,0.076053746,5.0850134,0.8970744,3
4228,0.053272113,0.8920501,4.3198056,0.9475565,4
4229,0.55973685,0.66322744,3.142874,0.55137855,5
4230,0.9999434,0.6314039,0.5752811,0.46370044,6
4231,0.018509418,0.30628726,1.9062712,0.8442817,7
4232,0.16560613,0.45950064,4.921882,0.652403,8
4233,1.2112246e-05,0.5658861,1.6548396,0.8971692,9
4234,0.7952816,0.5007646,3.3366466,0.84885764,10
4235,0.06792173,0.01967605,3.540654,0.77369046,11
4236,0.37796694,0.60195595,1.1590816,1.0129387,12
4237,0.26294535,0.2819274,3.105044,0.7343786,13
4238,0.75861746,0.6165623,3.982172,0.59566,14
4239,0.090986185,0.8450552,3.05311,0.7067833,15
4240,0.5732408,0.6377159,4.278447,0.72687495,16
4241,0.9997633,0.6526206,1.8639903,0.27688822,17
4242,0.08400667,0.70443064,5.1693516,0.92630774,18
4243,0.157524,0.5301245,2.0468698,0.84850395,19
4244,0.17756543,0.7445657,3.8749118,0.5813158,20
4245,0.0059462246,0.32492962,3.233632,0.7358441,21
4246,0.0014458472,0.46496105,2.1970952,0.7616823,22
4247,0.24259697,0.21598583,2.075658,0.7004837,23
4248,0.00020647503,0.859482,1.5645988,0.9369985,0
4249,0.39448124,0.65158683,2.436646,0.77135414,1
4250,0.5071848,0.67608094,0.8357029,0.876528,2
4251,0.39142874,0.046790034,4.53699,0.6200462,3
4252,6.43487e-06,0.88435906,4.4472275,1.2908878,4
4253,0.5975455,0.72252333,3.2532406,0.6340557,5
4254,0.9443381,0.5080921,0.86945665,0.65639174,6
4255,0.038669243,0.24895486,2.2295694,0.72175145,7
4256,0.0010314318,0.45695934,4.608576,0.7985275,8
4257,0.9447731,0.47792542,1.5962018,0.7495179,9
4258,0.31913182,0.42656392,2.3826995,0.8257187,10
4259,0.63757265,0.023182347,3.1867146,0.6625166,11
4260,0.4684049,0.44523054,0.97778684,0.94337785,12
4261,0.0010834386,0.2587891,2.8813381,0.7659937,13
4262,0.4858465,0.83314484,3.8128867,0.79010093,14
4263,0.31793717,0.7813532,3.8039315,0.7624921,15
4264,0.0004427626,0.22653408,3.3170133,0.8508141,16
4265,0.9178356,0.7322323,2.811913,0.6695703,17
4266,0.006465894,0.55233634,5.833318,0.9330655,18
4267,0.28832984,0.73225534,2.4069476,0.7301691,19
4268,0.0071223187,0.66056794,4.1677456,0.95101786,20
4269,0.79731935,0.5762589,3.8049138,0.7066603,21
4270,0.10987507,0.69215304,2.0192525,0.96255076,22
4271,0.95625323,0.22917014,1.5044897,0.40348005,23
4272,0.6638441,0.8610034,3.090406,0.8236825,0
4273,0.03379863,0.33301246,2.1735213,0.7234068,1
4274,0.44505468,0.7133207,0.64479023,0.6758586,2
4275,0.22451943,0.07284356,5.2653313,0.80492854,3
4276,0.25236824,0.8628502,3.9988441,0.95761055,4
4277,0.02189226,0.8952776,3.732437,1.0464631,5
4278,0.077865936,0.73108536,0.5253053,0.5643907,6
4279,0.08255239,0.45104972,2.647932,0.70012677,7
4280,0.14187434,0.33397904,3.6329627,0.5702452,8
4281,0.055674966,0.2497426,1.7908473,0.5751238,9
4282,0.034373343,0.6225164,2.818457,1.1097153,10
4283,0.052727904,0.029876105,3.024066,0.68168825,11
4284,0.1827253,0.5948271,1.0240637,1.099102,12
4285,0.0007738593,0.2654102,3.3342,0.8801178,13
4286,0.986797,0.85727596,3.574579,0.9672463,14
4287,0.3678875,0.803191,3.4050848,0.44486147,15
4288,0.1149335,0.39352313,4.0031853,0.88448113,16
4289,0.595149,0.33095512,2.808352,0.44892085,17
4290,9.722539e-05,0.6117671,6.0312147,1.3328562,18
4291,0.9201344,0.77326035,3.514911,0.7241943,19
4292,0.02269837,0.6780753,4.000745,0.56520957,20
4293,0.98047894,0.38963246,3.877439,0.7676467,21
4294,0.92975926,0.686775,1.9681902,0.6600591,22
4295,0.4944547,0.2891551,2.6164756,0.48925298,23
4296,0.0013032003,0.641889,2.200572,1.2052495,0
4297,0.0756301,0.6154634,2.0486274,0.8372914,1
4298,0.031943865,0.44193682,0.7298079,0.7650983,2
4299,0.52051157,0.0517496,5.8079815,0.9946266,3
4300,0.035196885,0.81372964,3.8524241,1.0154545,4
4301,0.20486604,0.8293031,2.6414714,0.6275448,5
4302,0.008613149,0.83406997,1.3464464,1.0739393,6
4303,0.019774029,0.4218452,2.3732708,0.56429374,7
4304,0.9136837,0.35777044,4.0505495,0.58892024,8
4305,0.3206205,0.7678913,2.5382514,0.76446325,9
4306,0.084959224,0.6616189,2.8847818,0.6127142,10
4307,0.054803684,0.034864172,3.4961882,0.8376787,11
4308,0.37172285,0.58362585,1.2574205,0.86702836,12
4309,4.2628522e-05,0.45610994,3.2207904,1.0949979,13
4310,0.1773388,0.80890965,4.5989337,0.7641038,14
4311,0.9942175,0.83665586,4.2104874,0.59781724,15
4312,0.0012087442,0.41803333,4.3740396,1.3049483,16
4313,0.9822343,0.6198005,2.1022131,0.6507921,17
4314,0.011418903,0.4540582,4.805213,1.136699,18
4315,0.003617852,0.721103,2.690683,0.6256152,19
4316,0.024068832,0.68184584,4.56444,0.63006425,20
4317,0.10486301,0.33886874,3.6026917,0.8416971,21
4318,0.8015402,0.72252285,2.5191984,0.7585397,22
4319,0.6563305,0.2351868,2.0025966,0.68168753,23
4320,0.48476443,0.68078506,2.160613,0.70219874,0
4321,0.24411796,0.60605276,2.2337887,0.6903407,1
4322,0.8711148,0.6755471,0.9359977,0.7179122,2
4323,0.5779023,0.08059685,5.840205,0.8655845,3
4324,0.7341149,0.9194696,4.6891303,0.7017907,4
4325,0.5890253,0.77701443,2.2188728,0.6803536,5
4326,0.7253416,0.78899413,1.8102747,0.6176637,6
4327,0.24185881,0.54761785,1.7419649,0.51730275,7
4328,0.020293182,0.3351403,3.9660783,0.7866112,8
4329,0.5303077,0.70576626,2.733723,0.5805498,9
4330,0.7830588,0.4817095,2.744048,0.8296623,10
4331,0.08040957,0.029211063,3.2736006,0.5825984,11
4332,0.27176994,0.79007053,1.1822224,0.75970066,12
4333,0.9432574,0.26925808,2.7759876,0.51356244,13
4334,0.8416846,0.9086819,3.3314488,0.7267169,14
4335,0.0074281655,0.81662834,3.6541107,0.78351146,15
4336,0.006727149,0.3961066,3.8519418,1.0425602,16
4337,0.95012456,0.73643374,3.3341537,0.54756993,17
4338,0.2188067,0.57960165,5.5249543,0.47546285,18
4339,0.058834936,0.55684906,3.5173168,0.7684341,19
4340,0.80694103,0.5845597,4.0464773,0.60530925,20
4341,0.1332006,0.50191206,3.373137,0.91652995,21
4342,0.00031717174,0.6223281,2.2306166,0.8969333,22
4343,0.9016911,0.28096792,2.61172,0.811063,23
4344,0.08351151,0.34727114,1.7978299,0.8412724,0
4345,0.8620936,0.33514553,1.7857258,0.49396423,1
4346,0.1636996,0.20965628,1.9704337,0.7091156,2
4347,0.7181057,0.052617814,4.862023,0.9638412,3
4348,0.044276148,0.88399607,4.489355,0.7943907,4
4349,0.25242674,0.82916355,2.753053,0.77473927,5
4350,0.5524553,0.9054346,1.0790501,0.77610385,6
4351,0.5104219,0.42193228,2.4144173,0.60192966,7
4352,0.0002923732,0.5656907,3.0857177,0.7461268,8
4353,0.5763518,0.6466622,2.3558137,0.60028243,9
4354,0.04340952,0.6420873,2.82964,0.93659765,10
4355,0.9925035,0.020416692,3.8778348,1.157268,11
4356,0.43729568,0.41336563,1.3947929,0.70421785,12
4357,0.0023992357,0.27627203,3.1334133,0.8252796,13
4358,0.33287403,0.54940623,3.4032476,0.9553846,14
4359,0.84489566,0.88014495,3.84024,0.77587855,15
4360,0.70816064,0.39993107,4.261716,0.6083091,16
4361,0.0008786664,0.43169534,2.486163,1.0054353,17
4362,0.8756619,0.57325315,4.505405,0.5501202,18
4363,0.89723194,0.8065985,2.814314,0.66917443,19
4364,0.0007229756,0.63474745,4.295295,0.9309673,20
4365,0.21898234,0.4082839,3.1112056,0.77386487,21
4366,0.34017482,0.5492995,0.6689615,0.7022595,22
4367,0.002391582,0.40991247,3.2337961,0.60526645,23
4368,0.87475973,0.85306484,2.6344063,0.62417203,0
4369,0.073364966,0.25520542,1.3928013,0.6480003,1
4370,0.50009835,0.72156703,1.3550347,0.5290266,2
4371,0.49596575,0.054669477,3.8745449,0.74754983,3
4372,0.40940103,0.8024508,4.351559,0.71595526,4
4373,0.982166,0.8533975,2.7062297,0.57243913,5
4374,0.07145335,0.56197804,0.9992058,0.5787184,6
4375,0.9066271,0.20441757,2.3695796,0.54370797,7
4376,0.013821631,0.49045122,3.4191654,0.8018111,8
4377,0.8987245,0.700724,2.0640545,0.748105,9
4378,0.048748437,0.4441655,4.2038794,0.49017224,10
4379,0.01956375,0.024443943,4.5741754,0.6880168,11
4380,0.20550762,0.18632118,1.5755473,1.09878,12
4381,0.7671265,0.39906818,2.4767969,0.40276888,13
4382,0.13549906,0.8624125,3.3669386,1.1061931,14
4383,0.0034807138,0.6425949,4.4167814,0.73863894,15
4384,0.027045447,0.30400604,3.4118938,0.7808792,16
4385,0.014543231,0.44618082,2.1638129,0.51964104,17
4386,0.01706954,0.4322879,6.1095243,0.66093504,18
4387,0.04356025,0.860455,1.4743857,0.59816724,19
4388,0.017717859,0.7373507,3.6341095,0.9102738,20
4389,0.95516753,0.34153783,2.24933,0.8307128,21
4390,0.8447425,0.65275,1.5491854,0.5789157,22
4391,0.014778673,0.29449686,3.6283712,0.53811634,23
4392,0.7236083,0.9412761,2.3357337,0.6952001,0
4393,0.06314299,0.55604863,2.0916555,0.49239877,1
4394,0.7152749,0.88053393,2.6276917,1.0444716,2
4395,0.74896884,0.049615808,4.732642,1.0393921,3
4396,0.0057411236,0.9053909,5.2830887,0.6511289,4
4397,0.5433965,0.73575187,1.9884307,0.46703553,5
4398,0.9973724,0.80174917,1.285084,0.57203346,6
4399,0.011996767,0.70717263,2.0575068,0.6762608,7
4400,0.010684515,0.46834752,4.7372947,0.71360797,8
4401,0.34553024,0.2655842,1.245193,0.61467886,9
4402,0.048201494,0.52139455,2.62009,0.8429966,10
4403,0.5662603,0.020633945,3.52426,0.725762,11
4404,0.25309476,0.44408888,1.8611616,0.92082703,12
4405,0.003938292,0.46819508,2.892559,0.9884845,13
4406,0.17099817,0.8146491,4.0228686,0.72692984,14
4407,0.9988889,0.9053575,2.9230433,0.49656618,15
4408,0.08147812,0.4082486,4.6281996,0.84855616,16
4409,0.0009757292,0.68739915,2.4159596,0.73064554,17
4410,0.18670218,0.5602179,4.390348,0.7037365,18
4411,0.017879985,0.4339274,2.781423,0.9032651,19
4412,0.01868888,0.6047139,4.752737,0.8161985,20
4413,0.0052572675,0.33085108,3.7215354,0.76517576,21
4414,0.52953666,0.66246516,1.7386048,0.77829784,22
4415,0.21300085,0.2583663,3.3256004,0.60357475,23
4416,0.83639735,0.86957765,2.5230045,0.7794749,0
4417,0.2745818,0.2678649,2.708386,0.7120388,1
4418,0.06467388,0.75350964,2.0659895,0.8239871,2
4419,0.470502,0.07380955,6.1900225,0.78403,3
4420,0.16559994,0.88838357,3.8278344,1.2681351,4
4421,0.24394792,0.6206538,3.3354378,0.5742355,5
4422,0.4171223,0.6954246,1.1890466,0.6730927,6
4423,0.016635364,0.6690976,2.2971728,0.7264904,7
4424,0.99208844,0.5869575,4.880078,0.6922004,8
4425,0.00078082754,0.56194305,2.530755,0.74999607,9
4426,0.10496354,0.7057678,3.5872898,0.9744595,10
4427,0.60711205,0.019042516,3.9104214,0.6948087,11
4428,0.45709422,0.8008848,1.4607108,0.80268025,12
4429,0.98619473,0.1574249,1.8164669,0.54257214,13
4430,0.0004067175,0.82809097,2.3108582,0.677827,14
4431,0.45809278,0.9033694,2.8223672,0.53381807,15
4432,0.008216867,0.31905797,4.0511937,0.7717926,16
4433,0.7781546,0.5607558,3.1997771,0.5887643,17
4434,0.49832442,0.5400246,4.680821,0.7015762,18
4435,0.9446834,0.82254535,2.5537848,0.5956822,19
4436,0.026457937,0.73848134,5.379895,0.6889319,20
4437,0.17167018,0.36765227,4.0821157,0.81837034,21
4438,0.7900351,0.6831825,2.2990146,0.5093213,22
4439,0.8250253,0.33111155,3.656708,0.6936487,23
4440,0.9437817,0.46595424,1.6581187,0.46057624,0
4441,0.1318449,0.43287936,1.829674,1.0059149,1
4442,0.96589637,0.6616234,1.9311283,0.737969,2
4443,0.1660092,0.075795576,5.092804,0.86197644,3
4444,6.8020336e-07,0.78734964,4.4211197,1.2857568,4
4445,0.00048244715,0.80243677,3.1394389,0.9428405,5
4446,0.031251438,0.9369747,0.7513582,0.688335,6
4447,0.012353001,0.5835527,2.0232105,0.8781802,7
4448,0.021891097,0.45784947,3.9374661,0.8577006,8
4449,0.522852,0.6710873,1.9853712,0.6617032,9
4450,0.903069,0.5970079,2.5910993,0.8548989,10
4451,0.016937273,0.024608562,2.7804809,0.736937,11
4452,0.50397766,0.43238795,1.3280727,1.1694974,12
4453,0.730654,0.26654544,2.2051907,0.72990865,13
4454,9.0985886e-05,0.7230524,3.7985566,0.70519376,14
4455,0.15098968,0.81795645,4.060261,0.551011,15
4456,0.9175629,0.59785676,4.117279,0.77722144,16
4457,0.014713045,0.50838655,1.9988692,0.52564,17
4458,0.29519174,0.5347136,4.635889,0.66669285,18
4459,0.9817307,0.6125489,1.6001985,0.4567137,19
4460,0.14265871,0.74811506,4.315619,0.61229354,20
4461,0.03574632,0.42946643,3.7775114,0.6301456,21
4462,0.13515306,0.7098085,1.8648468,0.914439,22
4463,0.07622406,0.37201113,3.7342796,0.5811168,23
4464,0.99447423,0.8360455,2.2071054,0.48022014,0
4465,0.12067475,0.400877,2.394118,0.92226094,1
4466,0.074598394,0.7637869,1.5725603,0.8271239,2
4467,0.29609156,0.046637956,3.7054503,0.66234064,3
4468,0.018704338,0.86564004,4.330119,0.8462906,4
4469,0.5576387,0.7112727,3.276265,0.5926766,5
4470,0.7726606,0.533337,0.64704096,0.83959675,6
4471,0.76931226,0.42498583,2.2501311,0.57796276,7
4472,0.9717216,0.5271389,3.3416975,0.74884444,8
4473,0.0013290852,0.5328698,1.395165,1.1380371,9
4474,0.807294,0.6287809,2.9353528,0.7362365,10
4475,0.43067917,0.030286131,3.863453,0.7137488,11
4476,0.26904398,0.16894768,1.2351276,0.7596687,12
4477,0.021091772,0.519401,3.1254911,0.74804044,13
4478,0.15649323,0.5598568,3.1075711,0.68061167,14
4479,0.9618045,0.83738256,4.2798357,0.8069975,15
4480,0.40578628,0.40601045,3.3650162,0.5987181,16
4481,0.0911645,0.6448233,3.6293876,0.6903229,17
4482,0.018671198,0.6266912,6.0082474,0.7622626,18
4483,0.37737423,0.8948866,4.100276,0.49610916,19
4484,0.13764426,0.6854822,4.903165,0.86489886,20
4485,0.018138133,0.54601496,3.5478473,0.86354065,21
4486,0.992316,0.53686184,1.3524747,0.44075632,22
4487,0.113875024,0.24243097,3.333845,0.7121186,23
4488,0.61376035,0.7014941,2.6659749,0.50618917,0
4489,0.39233512,0.39869332,1.6523684,0.61375564,1
4490,0.27360016,0.76023614,1.1834247,0.6780049,2
4491,0.3580531,0.07212467,4.2899256,0.685423,3
4492,0.9399249,0.91220075,3.8769767,0.71829367,4
4493,0.44559106,0.8878825,3.3338106,0.65178835,5
4494,0.770909,0.4059534,0.63250595,0.94662845,6
4495,0.02141038,0.37434846,2.571807,0.6595397,7
4496,0.9962425,0.56886905,4.02214,0.7140649,8
4497,0.017209042,0.41552866,2.3563035,1.0773314,9
4498,0.6626949,0.6457867,3.4858143,0.6471727,10
4499,0.08832664,0.019667871,2.8238547,0.68370223,11
4500,0.25935423,0.7091039,1.0892342,0.78961754,12
4501,0.13198614,0.31556463,3.1501203,0.952107,13
4502,0.0063002706,0.60142803,4.1975226,0.9298756,14
4503,4.8177793e-05,0.88983047,4.2491217,1.0116606,15
4504,0.26521417,0.33064812,3.2820094,0.6912195,16
4505,0.08534938,0.5226661,2.8944187,0.7409811,17
4506,0.46930715,0.64398974,4.47406,0.58876055,18
4507,0.8524897,0.822258,1.7715818,0.4389208,19
4508,0.90952456,0.68928754,4.7597747,0.77979493,20
4509,0.004393978,0.42550063,3.8480072,0.99323,21
4510,0.02458262,0.62577915,1.6365497,0.93581444,22
4511,0.98162144,0.30003613,1.3377819,0.5210256,23
4512,0.04456918,0.70150054,2.9009662,0.44137675,0
4513,0.0073744734,0.7306996,2.8879437,0.6355326,1
4514,0.0026861965,0.086390816,0.7666625,0.8001182,2
4515,0.3500184,0.073101856,4.2165413,0.9010366,3
4516,0.9909242,0.82219255,3.6175478,0.662319,4
4517,0.03390302,0.7805236,2.548354,0.67113423,5
4518,8.904008e-05,0.88961464,0.7393077,0.60526156,6
4519,0.12655655,0.36372843,2.6250439,0.7221416,7
4520,0.9079618,0.4804881,4.241536,0.69603264,8
4521,0.2635575,0.4457264,1.4807537,0.7167178,9
4522,0.020910773,0.639962,2.41397,0.99210095,10
4523,0.072225645,0.017513167,2.6894429,0.7531548,11
4524,0.45670164,0.3495448,0.9402456,0.93141425,12
4525,0.3719479,0.27680358,1.666274,1.02585,13
4526,0.0053240024,0.8782465,4.2581296,0.99572843,14
4527,0.0002192275,0.8303988,3.344544,0.8998673,15
4528,0.077148825,0.34299618,4.458333,0.88408864,16
4529,0.000633615,0.6237824,2.5560415,0.9702671,17
4530,0.9502532,0.573177,5.188406,0.7853036,18
4531,0.55626214,0.78847754,2.8513865,0.75655115,19
4532,0.004830556,0.67644656,5.4475584,0.5801738,20
4533,0.0020459713,0.40069437,4.2581644,0.5907888,21
4534,0.041301865,0.577447,1.5241601,0.73284566,22
4535,0.6810961,0.233886,1.8423176,0.6065612,23
4536,0.069900565,0.7723742,1.8505405,1.1062955,0
4537,0.32667613,0.5063305,2.0045006,0.7167185,1
4538,0.6427665,0.79650927,1.1396881,0.96313506,2
4539,0.16511117,0.07154138,5.329718,0.64956313,3
4540,7.4647137e-06,0.8614614,5.373541,1.186671,4
4541,0.10485794,0.85507923,3.3114445,0.94520813,5
4542,0.0002461352,0.5181032,1.3070748,0.8078301,6
4543,0.013545108,0.23015907,2.5450752,0.45881417,7
4544,0.6595076,0.34452873,4.495122,0.5406823,8
4545,0.99653023,0.42717394,2.0467196,0.72980654,9
4546,0.035154726,0.5475345,3.6819181,0.8482207,10
4547,0.028804367,0.025732571,3.4066052,0.58594394,11
4548,0.37430695,0.43579602,1.1313413,0.8089001,12
4549,0.4243918,0.2909858,2.7531588,0.6292156,13
4550,0.0060182,0.8107313,4.680541,0.82763547,14
4551,0.38547868,0.7297761,4.225493,0.6416117,15
4552,0.2897844,0.42215922,4.4094462,0.6261631,16
4553,0.02771812,0.4518037,2.2232258,1.2700464,17
4554,0.014916576,0.59920734,3.9799836,0.95778334,18
4555,0.006898452,0.798875,2.5713048,0.5017464,19
4556,0.019681418,0.5885524,5.3924446,0.5229592,20
4557,0.32763693,0.4389509,4.374763,0.5545137,21
4558,0.9658643,0.6965977,2.036433,0.6909612,22
4559,0.9844571,0.2718279,2.6487992,0.5631389,23
4560,0.99532217,0.7639023,1.778125,0.3685318,0
4561,0.94653064,0.49682525,1.7503531,0.79802704,1
4562,0.104966626,0.3908635,1.0060872,0.68144643,2
4563,0.4254586,0.06744033,5.2021403,0.8681483,3
4564,0.026755657,0.8696611,4.83684,0.951758,4
4565,0.022922296,0.7695092,2.4870095,0.5108105,5
4566,0.0020712751,0.9514086,2.0332603,0.81245536,6
4567,0.04548445,0.6713424,2.6732252,0.94051087,7
4568,0.005872811,0.32109508,4.1068482,0.69674796,8
4569,0.022072041,0.58368504,2.1732697,0.51403546,9
4570,0.02433953,0.5613224,3.0102382,0.83453333,10
4571,0.6077218,0.03644968,4.424179,0.5896676,11
4572,0.23875418,0.3838564,2.4819958,0.7879693,12
4573,0.010234816,0.3978284,3.7685122,0.94915086,13
4574,0.74369323,0.9024352,3.66862,0.79048306,14
4575,0.94253534,0.77365184,3.8141754,0.56890404,15
4576,0.9266118,0.26185647,3.9993563,0.6834718,16
4577,0.99969006,0.5729572,2.6761413,0.39609963,17
4578,0.0744981,0.5168392,5.0823493,0.792683,18
4579,0.68167543,0.81385165,2.3734913,0.9116724,19
4580,0.009650874,0.7774738,4.963828,0.652094,20
4581,0.0037066787,0.44024163,3.41018,0.6644827,21
4582,0.83982056,0.7115382,2.0409842,0.7026715,22
4583,0.48985168,0.29333246,3.1644301,0.69965,23
4584,0.93341553,0.79763824,2.3758614,0.43914023,0
4585,0.07713438,0.5739289,2.3199909,0.68278164,1
4586,0.19436777,0.4577554,1.8652854,0.6496756,2
4587,0.42752185,0.06836285,5.8078837,0.79124045,3
4588,0.003956751,0.78384376,3.6671689,0.7355186,4
4589,8.7204535e-05,0.7467687,2.5743623,0.8731002,5
4590,4.1776188e-05,0.6447304,0.7317457,0.7494757,6
4591,0.39244312,0.17822422,2.5643167,0.80165595,7
4592,0.9453709,0.56725717,4.5991545,0.40753043,8
4593,0.99980587,0.31821796,1.7307808,0.82621104,9
4594,0.17683773,0.728007,3.3936002,0.8104661,10
4595,0.02323148,0.023162542,3.0237749,0.6762385,11
4596,0.30618808,0.75487196,1.9002324,0.8637279,12
4597,0.50143576,0.2764124,2.245079,0.54382646,13
4598,0.009135741,0.88086504,4.0244718,1.112637,14
4599,0.61153454,0.8258146,4.2548137,0.62546843,15
4600,0.86102957,0.46018827,5.448303,0.78873664,16
4601,0.8593225,0.7763634,2.8756678,0.5561971,17
4602,0.010210813,0.57981676,6.517209,0.6034982,18
4603,0.02661306,0.36781675,2.0199523,0.8328277,19
4604,0.16055173,0.81646156,4.481925,0.5623107,20
4605,0.009483433,0.3579471,3.8690784,0.67164725,21
4606,0.18375541,0.5772292,1.6190529,0.9051894,22
4607,0.86632645,0.2430957,1.6733564,0.82534134,23
4608,0.035981387,0.61980206,2.011855,0.7540902,0
4609,0.57541484,0.70756847,2.24626,0.8550048,1
4610,0.87382835,0.8907569,1.138002,0.49510446,2
4611,0.47043464,0.0580492,4.9774737,0.7403532,3
4612,0.1281156,0.8142672,4.8105674,0.6201744,4
4613,0.09954994,0.7394958,2.8595428,0.5626688,5
4614,0.8687954,0.62625283,0.963035,0.68604064,6
4615,0.049285036,0.37998483,1.7678541,0.77223766,7
4616,0.78875786,0.3152303,3.9006186,0.53377306,8
4617,0.034311544,0.692012,2.6879299,0.65007323,9
4618,0.5443532,0.56840104,4.4406466,0.74482113,10
4619,0.0029304898,0.028966751,3.1282804,0.649956,11
4620,0.37657398,0.60017836,1.2322794,0.7974869,12
4621,0.835833,0.39798892,3.3140562,1.012201,13
4622,0.06270264,0.77908397,3.3690379,0.77772766,14
4623,0.13655016,0.7996902,3.9495041,0.505428,15
4624,0.17537476,0.47512728,4.630398,0.8984592,16
4625,0.8780999,0.36854962,2.3415332,0.5917139,17
4626,0.9305715,0.5080312,3.5796788,0.6772118,18
4627,0.78108823,0.8793236,2.8189201,0.84844655,19
4628,0.2792895,0.85448915,4.2906966,0.6138842,20
4629,0.9758136,0.41493183,3.4705637,0.6736269,21
4630,0.32329437,0.6910824,0.9636898,0.9926265,22
4631,0.029239625,0.42871955,1.7084993,0.48875087,23
4632,0.03709895,0.53026533,2.8171265,0.9846475,0
4633,0.37253612,0.6926275,2.9242804,0.8454058,1
4634,0.022922257,0.45888507,0.8728823,0.7392344,2
4635,0.2020243,0.08119058,5.6219378,0.8317464,3
4636,0.95869476,0.97798985,4.297901,0.7646425,4
4637,0.93845594,0.8435619,2.5308964,0.6669885,5
4638,0.95240545,0.96203613,0.9179345,0.6326231,6
4639,0.9491224,0.5497162,2.5929701,0.62906325,7
4640,0.070804685,0.54761493,4.365925,1.1627445,8
4641,0.10439751,0.65951097,1.3942435,0.79640836,9
4642,0.5247911,0.7494588,4.3170314,0.59480774,10
4643,0.067687325,0.040507365,4.678694,0.6088358,11
4644,0.5959949,0.53696793,1.6070197,0.9671063,12
4645,0.050306626,0.33679172,2.2263267,0.7222578,13
4646,0.7095326,0.71005017,3.1833348,0.61071754,14
4647,0.9859233,0.7317111,4.3170137,0.63285947,15
4648,0.19095081,0.3119911,3.394604,0.9160674,16
4649,4.1144995e-07,0.6900373,1.9829354,0.81097484,17
4650,0.37400848,0.5989179,4.920261,0.5270183,18
4651,0.14600043,0.8016333,2.741088,0.7559025,19
4652,0.063048266,0.76974595,5.4335146,0.6722621,20
4653,0.004368262,0.29751524,2.8545203,0.6383788,21
4654,0.0045531997,0.6925506,1.1385491,0.9554652,22
4655,0.16837387,0.46323738,2.3082924,0.60747206,23
4656,0.6995471,0.7468512,1.9327443,0.6037607,0
4657,0.20392393,0.55480015,1.9333566,0.9060225,1
4658,0.053405136,0.49669674,0.79423344,0.6605219,2
4659,0.17493297,0.07911755,4.6147385,0.92671186,3
4660,0.0001876349,0.8165381,4.7626057,0.79003966,4
4661,0.043684468,0.82147914,3.5001001,0.84827435,5
4662,0.76465815,0.6784196,1.3961596,0.7442539,6
4663,0.0077959946,0.80921507,3.6315436,0.842518,7
4664,0.0068708607,0.613165,4.542639,0.86977035,8
4665,0.9243857,0.7858342,2.536871,0.9642321,9
4666,0.07720654,0.673646,3.5513458,0.6678673,10
4667,0.08248111,0.028212292,4.0253325,0.87992245,11
4668,0.18229021,0.66099274,1.2146162,0.8873354,12
4669,0.0058401297,0.40952122,4.3548245,0.669134,13
4670,0.37859422,0.79303163,2.8519535,0.7250515,14
4671,0.24983631,0.8081356,4.213454,0.9440852,15
4672,0.07449868,0.42038614,2.6619916,0.744017,16
4673,0.27366734,0.6821284,3.4407232,0.9061401,17
4674,0.013091031,0.6083129,4.4642463,0.8063477,18
4675,0.057731953,0.78825116,2.1788707,0.5270725,19
4676,0.01387523,0.75377285,4.457804,0.64691997,20
4677,0.017704701,0.27632627,2.9994264,0.47923023,21
4678,0.12913461,0.61280876,1.4834657,0.7044841,22
4679,0.23297493,0.26720002,2.6625755,0.79139596,23
4680,0.1765653,0.41044238,2.2087164,0.6403452,0
4681,0.017672107,0.5450726,1.7814155,0.5510938,1
4682,0.053845443,0.63893735,1.5703148,0.8001774,2
4683,0.101770155,0.1005535,3.9998245,0.9360665,3
4684,0.012726662,0.90314555,4.332263,0.9531209,4
4685,0.62607163,0.8379769,4.3010674,0.68037283,5
4686,0.98173183,0.37831402,0.9883108,0.7939335,6
4687,0.0016816892,0.57683057,2.8753064,0.83790576,7
4688,0.025371265,0.4154104,3.696723,0.92965007,8
4689,1.3326187e-05,0.78110397,2.1733527,0.72554713,9
4690,0.09795538,0.5444817,4.1003623,0.5140743,10
4691,0.077064194,0.03947058,4.0547304,0.9145397,11
4692,0.55577195,0.48094815,1.1818962,0.9518987,12
4693,0.00017178107,0.3110464,2.3761635,0.94115245,13
4694,0.09855395,0.7448994,3.0510817,0.7854692,14
4695,0.16238678,0.47810763,4.521717,0.88807845,15
4696,0.88122565,0.34495848,3.108194,0.6625911,16
4697,0.102091335,0.7159326,2.6161456,0.6955958,17
4698,0.9342605,0.37250113,3.5087016,0.46286103,18
4699,0.58444506,0.8599628,2.680938,0.7568797,19
4700,0.3421741,0.8019833,5.362491,0.6352806,20
4701,0.031559892,0.39361987,4.287908,0.76284754,21
4702,0.97164506,0.69436353,1.7114984,0.44361517,22
4703,0.0635699,0.2675226,3.0137513,0.55439776,23
4704,0.1643015,0.39351484,0.85320795,1.1197116,0
4705,0.11995228,0.55884504,1.5953362,0.6787557,1
4706,0.0377617,0.57772154,0.8332299,0.86913633,2
4707,0.19539334,0.063430816,4.7904625,1.0316308,3
4708,0.016974462,0.90597284,4.3289404,0.996129,4
4709,0.029416144,0.6546499,2.6875648,0.9898388,5
4710,0.07370625,0.33140233,1.04682,0.7244382,6
4711,0.06510399,0.35275766,1.819273,0.90601623,7
4712,0.790769,0.43285862,4.4660306,0.5917338,8
4713,0.40371165,0.7376954,2.0096822,0.7811063,9
4714,0.23622775,0.566345,4.488533,0.60612905,10
4715,0.060223844,0.040292524,3.9672427,0.6878645,11
4716,0.35252064,0.5315741,1.0189508,0.88276076,12
4717,0.005283619,0.4174103,2.5631933,0.9253779,13
4718,0.7744928,0.80796176,2.8309755,0.53933465,14
4719,0.107897505,0.84141135,4.0605407,0.61247325,15
4720,0.5598451,0.41065446,3.2803965,0.741382,16
4721,0.7589962,0.6994394,2.4654665,0.52060914,17
4722,0.03777696,0.6436963,5.3431463,0.6889621,18
4723,0.06853186,0.5981856,1.92015,0.76751,19
4724,0.14880404,0.6382395,5.6747684,0.6378073,20
4725,0.8978941,0.3016511,3.535337,0.5863632,21
4726,0.934322,0.81776994,1.9766127,0.45879066,22
4727,0.996488,0.18739283,2.4751434,0.5878816,23
4728,0.0042280527,0.9420249,1.5544481,0.5705752,0
4729,0.052945837,0.26965025,1.178707,0.65954596,1
4730,0.044344548,0.58539367,1.0315745,1.3194836,2
4731,0.82654786,0.04524925,5.5095444,0.8008137,3
4732,0.9996063,0.75537646,3.3862438,0.4339596,4
4733,0.03170931,0.71889585,2.6947184,0.6329255,5
4734,0.002091559,0.55436355,1.7363842,0.7393596,6
4735,0.4379736,0.5885215,1.7488661,0.6827017,7
4736,0.5471035,0.5769314,3.5636477,0.63662946,8
4737,0.00023704828,0.37572274,1.4525455,0.8159819,9
4738,0.3187038,0.5561662,2.3524113,0.92699087,10
4739,0.1732043,0.033037923,3.603276,0.74535644,11
4740,0.29620743,0.52283084,1.3533629,0.6482604,12
4741,0.024681682,0.20687771,2.227071,1.0492904,13
4742,0.07564847,0.53443635,4.081001,0.55268025,14
4743,0.8707138,0.8413539,4.470672,0.47726327,15
4744,0.050107446,0.4056783,4.159307,0.6265127,16
4745,0.31991085,0.5891155,2.2898839,0.7241625,17
4746,0.111242756,0.49962476,4.811934,0.6907675,18
4747,0.4084674,0.59804124,3.495506,0.84691,19
4748,0.1062937,0.61594146,5.5571504,1.0826073,20
4749,0.16304997,0.43137455,5.306443,1.0565172,21
4750,0.34505817,0.51825196,1.206967,0.5330439,22
4751,0.9296175,0.31325343,2.3427584,0.47587258,23
4752,0.9259112,0.8235835,1.9881337,0.5529167,0
4753,0.13609037,0.41344753,3.2737734,0.69885343,1
4754,0.4116318,0.6921339,1.8934821,0.6327673,2
4755,0.6967092,0.065027975,4.6359987,0.916853,3
4756,0.96796304,0.80575264,3.615491,0.63453907,4
4757,0.107535005,0.85389227,4.5851917,0.690021,5
4758,0.98844415,0.46452382,1.1884288,0.6088283,6
4759,0.21445741,0.5709262,2.6488628,0.61939454,7
4760,0.007226005,0.45343843,4.675705,0.59224063,8
4761,0.1772833,0.42054787,1.3579054,0.6023756,9
4762,0.20769326,0.576958,3.7276766,0.8721261,10
4763,0.19604504,0.02114887,3.7160108,0.72144324,11
4764,0.3359861,0.46078017,0.9066325,0.91652066,12
4765,0.48884583,0.36910912,3.5937095,0.7057594,13
4766,0.29377347,0.9405227,3.3187053,0.51243407,14
4767,0.8198792,0.8731643,4.7225065,0.8406565,15
4768,0.7005661,0.31067988,4.449528,0.64183056,16
4769,0.003661137,0.61046153,2.4774375,0.6902903,17
4770,0.0040923175,0.50539637,5.1684246,1.1522527,18
4771,0.30564725,0.86467135,3.329359,0.7904542,19
4772,0.8932829,0.6995918,3.8363657,0.6032161,20
4773,0.43452758,0.46238592,3.006834,0.69121456,21
4774,0.86406076,0.69949424,0.9485945,0.6000984,22
4775,0.845675,0.26113528,2.6198835,0.85260284,23
4776,0.43838018,0.7586411,2.1961029,0.97867316,0
4777,0.8389464,0.45023242,2.41364,0.5443686,1
4778,0.067899756,0.794527,1.193113,0.59469247,2
4779,0.36133647,0.06458177,4.3534894,0.8754512,3
4780,0.00042009816,0.8315055,4.6021786,0.5283066,4
4781,0.9710652,0.6104512,2.9240675,0.4928285,5
4782,0.7402159,0.13084707,0.7083875,0.7960926,6
4783,0.25116333,0.63814706,2.5775366,0.7066745,7
4784,0.04274099,0.39758015,4.375738,0.8146172,8
4785,0.9999857,0.46434706,1.4573956,0.70670956,9
4786,0.034918856,0.3682607,2.840562,0.7219719,10
4787,0.59341484,0.026529102,4.277652,0.61907524,11
4788,0.36569744,0.79339147,2.1524851,0.8744908,12
4789,0.61915165,0.4529528,2.1252491,0.622531,13
4790,0.15431097,0.69674003,3.800642,1.0036194,14
4791,0.045347728,0.8819914,3.7873693,0.59770924,15
4792,0.2272459,0.29346424,3.823384,0.8267348,16
4793,0.034696866,0.4823382,1.4063246,0.58583003,17
4794,0.9878528,0.5387943,4.3495493,0.6745493,18
4795,0.08409233,0.61283815,2.891531,0.784961,19
4796,0.51867145,0.78876185,4.449246,0.9509057,20
4797,0.03741925,0.37147748,4.35113,0.5945544,21
4798,0.99114156,0.6725978,1.6607268,0.45606703,22
4799,0.020029116,0.28891924,2.4464586,0.69319725,23
4800,0.9995048,0.808883,2.9709265,0.74517614,0
4801,0.9540792,0.5461178,2.4274693,0.5694484,1
4802,0.9961293,0.8526255,1.2401531,0.70413804,2
4803,0.821543,0.06429766,5.3978405,0.96912074,3
4804,0.20070611,0.9331909,5.5563,0.8095085,4
4805,0.034532968,0.8796737,2.7260342,0.7332444,5
4806,0.028606482,0.93311805,1.4387192,0.7928645,6
4807,0.33068132,0.37504455,2.1621518,0.6034977,7
4808,0.35419494,0.56872475,4.95474,0.7953379,8
4809,0.007846521,0.31937686,1.931011,0.6275908,9
4810,0.0063960287,0.6710888,2.3643458,0.59084344,10
4811,0.026822273,0.03188854,3.2644362,0.8766024,11
4812,0.494409,0.49457768,1.0140826,0.5915556,12
4813,0.3232818,0.2556214,2.483724,0.8616667,13
4814,7.293692e-05,0.72374856,4.3552403,1.0464723,14
4815,0.99874914,0.8971435,4.0217347,0.49427408,15
4816,0.024016563,0.37808535,4.3666344,1.0338303,16
4817,0.9886353,0.6010836,2.852708,0.538306,17
4818,0.000872038,0.41665602,4.0945735,0.6478635,18
4819,0.9962509,0.7669726,2.3456647,0.46705294,19
4820,0.038930286,0.7246696,4.0815496,0.51859486,20
4821,0.009447042,0.44029096,3.9690826,1.0451701,21
4822,0.875715,0.6925978,1.6033412,0.5953483,22
4823,0.13699098,0.32319388,1.5554807,0.7233148,23
4824,0.92020893,0.7086194,1.7740619,0.82657254,0
4825,0.019339072,0.6088162,2.2217355,1.0389712,1
4826,0.08674665,0.86908334,1.4830942,0.4685718,2
4827,0.27990803,0.07928412,5.051755,0.79985315,3
4828,4.1906924e-07,0.8263612,3.5186708,1.0367897,4
4829,0.077352405,0.69944876,3.4062486,0.57528853,5
4830,0.8852665,0.77264035,1.2436111,0.74956864,6
4831,0.22130102,0.30437756,2.236442,0.74681634,7
4832,0.35083753,0.4440318,4.0272336,0.6427669,8
4833,0.00025014693,0.20846127,2.1249442,0.5764682,9
4834,0.014270827,0.7037447,3.5833585,0.792475,10
4835,0.029948153,0.029646823,3.697612,0.96907127,11
4836,0.27683225,0.42129895,1.223684,0.81450874,12
4837,0.44671208,0.32107475,2.6143384,0.66585714,13
4838,0.00076835003,0.56174445,2.7805688,0.9201888,14
4839,0.10417841,0.81609875,4.5105076,0.7907406,15
4840,0.09455859,0.48174298,5.063034,1.0346403,16
4841,0.9765098,0.51564467,1.4939262,0.9114707,17
4842,0.00015705332,0.5587148,5.1422844,1.0935973,18
4843,0.013518331,0.8036911,2.7648094,0.57640284,19
4844,0.055970013,0.7871971,4.671479,0.56832427,20
4845,0.0494066,0.438776,3.8343155,0.8364538,21
4846,0.99471587,0.69297487,1.5410903,0.70440286,22
4847,0.008618986,0.34282017,3.0695658,0.99924535,23
4848,0.73514336,0.7528401,2.3560696,0.74985385,0
4849,0.33084953,0.38631666,3.4733844,0.6426188,1
4850,0.737071,0.7576188,1.1295292,0.6425494,2
4851,0.46930966,0.0658308,5.142904,1.0179627,3
4852,8.305475e-05,0.81123626,3.8072443,1.290291,4
4853,0.105993986,0.8522435,3.2873077,1.0120527,5
4854,0.010642238,0.3911724,1.1536528,0.6463527,6
4855,0.083258726,0.24141224,2.9891384,0.73451644,7
4856,0.79917544,0.2604114,4.172921,1.1047294,8
4857,0.11631353,0.6584324,1.9463795,0.77440864,9
4858,0.16906652,0.4391397,3.444649,0.8764929,10
4859,0.08630666,0.03773547,4.2232876,0.5394869,11
4860,0.3774823,0.09933404,1.4859842,0.7532388,12
4861,0.94500095,0.39789468,2.8276691,0.71538067,13
4862,0.045243844,0.9368283,5.5908065,0.51379716,14
4863,0.83837104,0.751535,3.8893747,0.92268026,15
4864,0.08132799,0.3297639,4.7774415,1.0512111,16
4865,2.8268646e-06,0.67197794,2.7898068,0.7129849,17
4866,0.50345904,0.31294668,4.6189585,0.47898117,18
4867,0.09440091,0.5666329,2.5738544,0.62625104,19
4868,0.19391012,0.70288223,4.478433,0.61176974,20
4869,0.0023139722,0.46547005,3.267212,0.6037327,21
4870,0.8834454,0.30860874,1.6745371,0.6931217,22
4871,0.8268838,0.4194267,2.42947,0.6325966,23
4872,0.32740873,0.5593797,1.9403886,1.1050879,0
4873,0.69193506,0.49136558,1.5435615,0.8407674,1
4874,0.98038656,0.798837,1.0142338,0.7306789,2
4875,0.5967343,0.05750642,5.3175454,0.6589787,3
4876,0.032192294,0.9057626,4.6930976,0.91966105,4
4877,0.0027487369,0.8288491,2.424261,0.5740973,5
4878,0.605337,0.821959,1.4600123,0.89869225,6
4879,0.0035565558,0.57066214,1.889218,0.61264336,7
4880,0.5048133,0.42542577,4.2959685,0.5565791,8
4881,0.57297784,0.66806513,3.4932513,0.82075363,9
4882,0.034521773,0.68008786,3.403174,1.0191267,10
4883,0.8658813,0.020850273,4.222319,0.52226573,11
4884,0.5760766,0.763286,1.5396835,1.0069802,12
4885,0.0059254267,0.28402853,2.9323158,0.78580856,13
4886,0.0059272833,0.8481517,4.0946503,1.0403658,14
4887,0.010865209,0.83645535,4.482835,0.9769615,15
4888,0.6539019,0.39457873,3.784937,0.5534653,16
4889,0.9279139,0.4068502,2.7852507,0.49854043,17
4890,2.786324e-05,0.60612065,6.6854143,0.6387081,18
4891,0.16279507,0.81684035,2.703414,0.6665139,19
4892,0.28980243,0.5623316,4.555783,0.5352525,20
4893,0.0006296902,0.23696236,3.958891,0.8327645,21
4894,0.01168972,0.52723897,1.1519413,0.9801873,22
4895,0.8746586,0.24137196,3.1627135,0.5454875,23
4896,0.0008493545,0.7820149,2.5361943,0.7361411,0
4897,0.014684324,0.54997385,2.4486446,0.7060775,1
4898,0.13239574,0.8798814,1.068765,0.6933597,2
4899,0.104524046,0.081053734,4.989851,0.96963954,3
4900,0.97123826,0.8906772,4.0414596,0.81141806,4
4901,0.29187846,0.83288777,3.3613098,0.67039585,5
4902,0.02921795,0.21500665,0.7205218,0.8234401,6
4903,0.014042141,0.6523555,2.706473,0.5561633,7
4904,0.046469606,0.52299345,2.9758182,0.80750084,8
4905,0.1906778,0.9263183,2.663802,0.9152591,9
4906,0.06468171,0.60808426,3.4151592,0.7566112,10
4907,0.031513765,0.023993656,4.4659405,0.5913714,11
4908,0.4114499,0.48236382,1.385457,0.9491091,12
4909,0.53897923,0.31126687,2.8932884,0.8497698,13
4910,0.73302674,0.8192165,3.2523532,0.6326861,14
4911,0.5584046,0.67736524,3.5761878,0.9111799,15
4912,0.8366981,0.36117846,3.745252,0.79717886,16
4913,1.1271587e-06,0.42964107,2.0720909,0.75237596,17
4914,0.4487397,0.47076476,5.1091437,0.52624446,18
4915,0.12275675,0.9417835,3.4170368,0.5947205,19
4916,0.0014451252,0.50620025,4.8688407,0.8102182,20
4917,0.122942545,0.3796599,3.8594608,0.61767626,21
4918,0.010052259,0.5101052,2.0765946,0.9991645,22
4919,0.20093502,0.1836278,2.469087,0.6403798,23
4920,0.04921611,0.49049732,1.8263055,0.59438014,0
4921,0.07900479,0.5048818,2.2616875,0.92894745,1
4922,0.16285045,0.69333625,1.2534319,1.0473105,2
4923,0.24935511,0.08523669,4.7034345,0.86034346,3
4924,0.00020756501,0.82241374,4.207036,1.008529,4
4925,0.7769045,0.7794845,3.756877,0.613559,5
4926,0.07216739,0.1976206,0.5957159,0.586064,6
4927,0.00045589916,0.6305527,3.1968389,0.91144943,7
4928,0.99585944,0.55571437,3.6791089,0.48478603,8
4929,0.93570274,0.91135716,1.2181565,0.6884247,9
4930,0.016156904,0.3955656,2.784886,0.5563983,10
4931,0.37422886,0.029747168,3.5380247,0.6503708,11
4932,0.3515835,0.8227685,1.2890313,1.052766,12
4933,0.001242976,0.35099974,2.782806,0.6348547,13
4934,0.34973896,0.9062507,4.2691298,0.8507835,14
4935,0.000716046,0.7820742,2.7098055,0.69321907,15
4936,0.025453849,0.33081776,4.0613117,1.1064981,16
4937,0.38567373,0.49581924,2.654676,0.62796783,17
4938,0.32354257,0.5306748,5.4009933,0.6642518,18
4939,0.0023426106,0.6284028,2.7857122,0.8899834,19
4940,0.97823095,0.69582933,3.8280556,0.50812256,20
4941,0.08376749,0.37647876,4.0650444,0.56625545,21
4942,1.416104e-05,0.47386357,1.4859827,1.0109403,22
4943,0.89903414,0.2382456,2.1146355,0.6683814,23
4944,0.0052475985,0.9163245,1.6347457,0.9049512,0
4945,0.78875023,0.5414733,1.7481637,0.7248977,1
4946,0.48547703,0.7028182,1.3632367,0.6795949,2
4947,0.5051863,0.041677065,4.635356,0.7636236,3
4948,4.4074466e-05,0.7639965,4.9775476,0.78915155,4
4949,0.025051152,0.75196165,2.585496,0.99836004,5
4950,0.008422132,0.43720156,1.2266375,0.87516713,6
4951,0.2143079,0.46767533,1.902118,0.70436245,7
4952,0.8947188,0.45774722,3.8778124,0.80654436,8
4953,0.011159636,0.20725651,1.481154,0.7721952,9
4954,0.32768938,0.51524246,3.461842,0.6846681,10
4955,0.00640992,0.030822942,3.2321262,0.6229378,11
4956,0.5943055,0.3517943,0.988133,0.7733864,12
4957,0.017758636,0.41736072,3.1929274,0.6876666,13
4958,0.98661476,0.4733299,3.6773582,0.66936606,14
4959,0.077528045,0.8303492,3.6327605,0.6816394,15
4960,0.39729938,0.42755342,3.9559546,0.9068847,16
4961,0.14465529,0.63706136,2.2749872,0.637552,17
4962,0.013543967,0.4756426,3.6737669,0.4890835,18
4963,0.02722796,0.59121704,2.5058951,0.43556395,19
4964,0.02835857,0.71968925,5.3041263,0.5675667,20
4965,0.9003675,0.3332463,4.668435,0.8026252,21
4966,0.95870453,0.5423431,1.7968346,0.7056471,22
4967,0.49874088,0.43898392,3.012298,0.5287458,23
4968,0.24914622,0.62209404,2.12342,0.838142,0
4969,0.17925306,0.7627271,1.6247822,0.63833743,1
4970,0.78465307,0.94577336,1.7877632,0.763621,2
4971,0.33570504,0.08206759,6.0167546,0.90411747,3
4972,0.39948872,0.8645568,4.498225,1.0719004,4
4973,0.30151412,0.9006986,3.297448,0.5636624,5
4974,0.64125097,0.35350206,1.1897464,0.75072056,6
4975,0.6027683,0.4232442,1.7499008,0.7266532,7
4976,0.004159567,0.5078313,3.980618,1.0760427,8
4977,0.9805077,0.4479442,1.3540483,1.0486875,9
4978,0.9274116,0.46021968,3.5297906,0.6572944,10
4979,0.29763576,0.043406438,5.0520134,0.5392301,11
4980,0.30808854,0.4771067,1.3644499,0.83108675,12
4981,0.95218176,0.33232304,3.1628208,0.59484076,13
4982,0.009206129,0.73153484,4.0117664,0.92265224,14
4983,0.99987113,0.7747772,5.1574306,0.44063348,15
4984,0.01105681,0.29628065,3.3390431,0.54830843,16
4985,0.95703346,0.7093225,3.547792,0.60074615,17
4986,0.6168613,0.40906182,4.9029226,0.87881315,18
4987,0.040923126,0.7249196,1.8413689,0.83804786,19
4988,0.3630419,0.7334019,4.9184628,0.46874955,20
4989,0.28526965,0.41045475,3.4530377,0.612318,21
4990,0.9772371,0.23988463,1.1735864,0.59309375,22
4991,0.9656645,0.13065344,3.219748,0.6711947,23
4992,0.8362303,0.5289827,3.6703575,0.58312917,0
4993,0.29439822,0.33376092,2.201298,0.5677767,1
4994,0.31340063,0.94500744,1.5394628,0.5605802,2
4995,0.64003503,0.06305121,4.983522,0.99423385,3
4996,0.15486456,0.7841474,3.9513252,0.78034294,4
4997,0.78679043,0.8640349,3.103688,0.6919614,5
4998,0.29544792,0.5992167,0.815876,0.65795827,6
4999,0.673982,0.6396409,2.776876,0.66801655,7
5000,0.26560706,0.57000464,4.9423213,0.7815364,8
5001,0.36572856,0.3550043,1.4017706,0.9921563,9
5002,0.019643888,0.56830466,4.0367746,0.7943468,10
5003,0.075292185,0.035196174,3.263254,0.8476659,11
5004,0.43453214,0.5076792,1.7160155,0.7762032,12
5005,0.0010171604,0.5121308,2.6791213,0.59501696,13
5006,0.29124495,0.7419233,2.682009,0.9152942,14
5007,0.9467569,0.8545394,2.9953723,0.6096437,15
5008,0.1578297,0.43102676,4.6658425,0.40503022,16
5009,0.70079046,0.39940664,1.7547971,0.6952905,17
5010,0.37943354,0.48120543,4.7298455,0.5483191,18
5011,0.505102,0.95045453,2.7826703,0.6064118,19
5012,0.0015671157,0.7230594,4.890611,1.2728186,20
5013,0.04787758,0.44644734,2.9414308,0.9885437,21
5014,0.90781045,0.609621,1.2510836,0.5022706,22
5015,0.0010012916,0.2752937,4.8951283,0.6122715,23
5016,0.011366766,0.8009065,1.5106286,0.94540334,0
5017,0.046493046,0.37028793,1.7522027,0.7541656,1
5018,0.9659017,0.33193538,1.496198,0.8888024,2
5019,0.27829868,0.06418041,4.395507,0.7608724,3
5020,0.00015017224,0.93095374,5.1915703,0.83486736,4
5021,0.010636236,0.8455104,2.912592,0.8306781,5
5022,0.015569784,0.89060146,1.113096,0.84886336,6
5023,0.23992209,0.6028745,1.7831838,0.5559694,7
5024,0.0015054382,0.5378287,4.1727757,0.5934999,8
5025,0.10798509,0.56597936,1.4991393,0.68204033,9
5026,0.013625699,0.5327939,3.7023485,0.50027555,10
5027,0.061590005,0.014227199,3.3762097,0.4949057,11
5028,0.37404355,0.8728817,1.3977051,0.8776581,12
5029,0.5020599,0.30981165,2.6549199,0.6804562,13
5030,0.049339324,0.7814561,3.9393415,0.79343665,14
5031,0.50691676,0.86378765,4.283534,0.5813328,15
5032,0.05272345,0.40902904,4.3761783,1.0731072,16
5033,0.037504118,0.53114754,2.517991,0.80542874,17
5034,0.35134178,0.47345594,3.5437014,0.80199534,18
5035,0.9184813,0.535623,2.1332593,0.5776742,19
5036,0.011269026,0.68181723,4.422591,0.80022836,20
5037,0.0011954164,0.550042,3.4072866,0.629685,21
5038,0.7271013,0.84526163,1.7774534,0.45551333,22
5039,0.02104413,0.21307649,2.758162,0.5590114,23
5040,0.02251199,0.6962822,2.4354138,0.63004816,0
5041,0.062470496,0.51313496,2.1599464,0.9343879,1
5042,0.8161289,0.91102195,1.570356,0.8054806,2
5043,0.7408352,0.040280238,3.8815303,0.84104276,3
5044,0.9996289,0.94206953,3.5675201,0.36241812,4
5045,0.28225926,0.8075462,3.7936723,0.69067526,5
5046,0.0009853321,0.9134336,1.2631692,0.76221085,6
5047,0.009159568,0.46583056,2.1713862,0.64418757,7
5048,0.019290784,0.4694712,5.0607424,0.9131312,8
5049,0.06625005,0.6376328,1.8828926,0.68243873,9
5050,0.4696932,0.6439743,2.9749746,0.9623557,10
5051,0.6686733,0.01248114,4.2451468,0.56616557,11
5052,0.5921484,0.34758028,1.2835128,0.7833638,12
5053,0.52374166,0.40219405,3.5490408,0.6507255,13
5054,0.0031070628,0.81829274,3.5761573,0.76629496,14
5055,0.99967885,0.83447903,4.3907194,0.588556,15
5056,0.5071403,0.4333754,2.9644487,0.87785375,16
5057,0.0015928282,0.6664954,2.3450968,0.6598559,17
5058,0.007452287,0.69615763,5.6609583,0.8970107,18
5059,0.1916931,0.77926236,3.5545402,0.53813004,19
5060,0.34182414,0.8393281,4.798493,0.5336851,20
5061,0.0076756566,0.31492314,4.0341673,0.44288605,21
5062,0.37648302,0.80544114,1.4476774,0.6391298,22
5063,0.6264925,0.25819167,2.0785227,0.39098755,23
5064,0.6854603,0.73632187,2.656782,0.5687053,0
5065,0.09531173,0.41309634,2.206414,0.6171043,1
5066,0.050485656,0.5896168,1.0676112,0.7944449,2
5067,0.7629906,0.064055726,4.7280736,0.85542905,3
5068,0.2712513,0.90234774,5.110038,0.8103918,4
5069,0.4472185,0.9044496,2.2455463,0.5517691,5
5070,0.5491381,0.92316717,1.5530925,0.56187093,6
5071,0.002204,0.55146754,3.0163093,1.1436514,7
5072,2.5512249e-05,0.50916946,4.7981577,0.5860943,8
5073,0.6992777,0.5194879,1.3755958,0.7224759,9
5074,0.0399976,0.47866386,4.115897,0.9666732,10
5075,0.108477704,0.019599356,3.1836877,0.8326549,11
5076,0.47900963,0.4332983,1.1993248,1.0846705,12
5077,0.5884567,0.31650555,2.485518,0.76392066,13
5078,0.25148404,0.5638917,3.667575,1.050262,14
5079,0.55873334,0.90559244,2.627268,0.6495513,15
5080,0.6926354,0.440555,5.09129,0.8660959,16
5081,0.9820316,0.6610764,2.179564,0.46545056,17
5082,0.4387362,0.58093673,4.780834,0.82181704,18
5083,0.73356694,0.7721294,2.6368637,0.64585733,19
5084,0.0062852246,0.74546003,4.527187,1.106439,20
5085,0.36163554,0.36910322,3.7712586,0.56003404,21
5086,0.04283544,0.7102406,2.6385527,0.9179486,22
5087,0.03115897,0.46230355,2.5016274,0.54045796,23
5088,0.00079769245,0.7583902,2.785447,1.2866269,0
5089,0.07489031,0.43136817,1.8831223,0.51366055,1
5090,0.0909332,0.772656,0.5713689,0.6744205,2
5091,0.6705443,0.05380979,5.6416597,0.7859892,3
5092,0.018532656,0.9373658,3.775693,0.8742661,4
5093,0.4775318,0.87486666,3.4252849,0.6314304,5
5094,0.005051009,0.97139287,1.7601622,1.0868894,6
5095,0.08451451,0.7717295,3.6896958,0.98977363,7
5096,0.03278319,0.4427941,4.1972284,0.9755205,8
5097,0.00027773794,0.6935833,1.7477018,0.7603631,9
5098,0.7597821,0.55083686,2.925398,0.9392562,10
5099,0.010017103,0.0387225,4.5403357,0.52185225,11
5100,0.28548872,0.5184576,1.7011533,0.77762973,12
5101,0.521974,0.30612552,1.5198578,0.8007928,13
5102,0.00032285732,0.63917375,3.6309674,0.81264055,14
5103,0.8730462,0.781556,4.25758,0.5504511,15
5104,0.061716802,0.47627908,3.9679587,0.96974206,16
5105,0.009219361,0.64726144,2.4422822,0.59927905,17
5106,0.004132928,0.44825202,4.830435,0.7802479,18
5107,0.1526553,0.88736,2.3764517,0.7501804,19
5108,0.044615157,0.7914368,5.5056834,0.82065576,20
5109,0.6258355,0.30724216,3.6835577,0.6025803,21
5110,0.16216615,0.58499646,1.8766935,0.58909786,22
5111,5.5406705e-05,0.450798,3.5833387,0.86613226,23
5112,0.46973503,0.6148922,2.4404068,0.71969384,0
5113,0.020070588,0.45697302,1.7391783,0.5398928,1
5114,0.19620925,0.7084849,0.8979216,0.57041526,2
5115,0.5459717,0.047966834,4.8237295,0.8315563,3
5116,0.88864416,0.9213907,3.5605273,0.79428226,4
5117,0.39734554,0.745695,2.8577373,0.69057256,5
5118,0.19980994,0.75102925,1.0346087,0.82772505,6
5119,0.21721165,0.5874001,1.6536901,0.54854757,7
5120,0.6185042,0.4756959,4.5975323,0.91497326,8
5121,0.8142538,0.3887828,1.9980614,0.80361277,9
5122,0.065773346,0.42869747,3.1091251,0.89916736,10
5123,0.36376345,0.02771721,3.5414948,0.6687449,11
5124,0.42152742,0.7495716,1.7948744,1.0278046,12
5125,0.94880116,0.24608949,1.5156263,0.65031296,13
5126,0.041292273,0.5493494,3.3184085,0.8011241,14
5127,0.09189837,0.88758695,4.2889814,0.65348697,15
5128,0.05987479,0.43917316,2.988652,0.69602877,16
5129,0.571391,0.49700832,2.8658164,0.64213526,17
5130,0.015918907,0.43722838,4.247359,0.6854684,18
5131,0.6059711,0.46837682,3.0297241,0.8855195,19
5132,0.6383363,0.7507792,5.782202,0.4493416,20
5133,0.3465661,0.43971425,4.5899935,0.88503426,21
5134,0.6813645,0.6018576,1.3647805,0.56076026,22
5135,0.016011393,0.25233936,1.9370756,0.8848293,23
5136,0.0015611516,0.53442925,1.9359277,0.6741321,0
5137,0.9076033,0.7105713,3.337294,0.6862121,1
5138,0.07267611,0.3942848,0.68034166,0.76454115,2
5139,0.7284243,0.064866826,5.3564186,0.82939565,3
5140,0.69594765,0.8452768,3.3870807,0.6400716,4
5141,0.29898462,0.73500514,2.3577497,0.73130435,5
5142,0.23163597,0.9215406,1.0341117,0.91140246,6
5143,0.03785915,0.46286032,1.9140844,0.767687,7
5144,0.9409361,0.4733135,3.9803462,0.4414749,8
5145,0.0033371306,0.67685634,2.3614118,0.86083704,9
5146,0.45840672,0.45498097,3.1686866,0.6949284,10
5147,0.07508484,0.024751298,3.4028766,0.5869749,11
5148,0.5294597,0.7213398,1.6887312,1.0827428,12
5149,0.06629839,0.28416228,2.41588,1.0673255,13
5150,0.9457381,0.8358404,3.4641411,0.697121,14
5151,0.00084425375,0.90003586,4.364823,0.63093436,15
5152,0.015646484,0.4467044,3.9775615,0.99854654,16
5153,0.851681,0.726107,2.6164055,0.92560315,17
5154,0.12965041,0.551181,4.889957,0.6018034,18
5155,0.5166774,0.8451338,2.5306203,0.7999575,19
5156,0.726374,0.6579581,4.6798716,0.72909266,20
5157,0.08152319,0.37765595,3.5116568,0.95561475,21
5158,0.012863227,0.5136841,1.9598883,0.54829174,22
5159,0.0016846948,0.22623606,3.060694,0.93001497,23
5160,0.15668632,0.83672297,2.3927145,1.1892639,0
5161,0.4588209,0.493422,1.3921897,0.82842386,1
5162,0.5012685,0.88026565,1.1952422,0.8868042,2
5163,0.7017289,0.05553566,6.198056,0.85011953,3
5164,0.00084964023,0.8737093,4.4834285,0.95643705,4
5165,0.30637214,0.8818391,3.3792593,0.72392493,5
5166,0.99424994,0.71613127,1.2128214,0.63309085,6
5167,0.07690247,0.29030237,1.6033709,0.5762702,7
5168,0.2845818,0.4477685,4.611528,0.7197995,8
5169,0.74018943,0.21124184,1.2963444,0.4976867,9
5170,0.30519456,0.58179605,4.194437,0.56613094,10
5171,0.025728388,0.023959054,3.3754156,0.696223,11
5172,0.13063723,0.5204946,1.2836759,0.81738025,12
5173,0.0010060396,0.3536998,2.558882,0.6891717,13
5174,0.12342775,0.783939,3.9895978,0.8999645,14
5175,0.21014746,0.8900121,3.0743775,0.576983,15
5176,0.015579061,0.38410935,3.579012,0.7737451,16
5177,0.007449942,0.50825375,2.2871377,0.763992,17
5178,0.10359341,0.52809227,5.1374955,0.7070608,18
5179,0.5282053,0.7690282,3.775374,0.8046865,19
5180,0.013089264,0.7127601,5.589294,0.72961783,20
5181,0.31969842,0.46168584,3.734224,0.5329743,21
5182,0.45637524,0.82523113,2.0651712,0.6235443,22
5183,0.003625816,0.2001265,3.0359235,0.69974613,23
5184,0.0077522276,0.7513256,1.8510695,1.0457646,0
5185,0.0070350175,0.55246437,2.847083,0.7688017,1
5186,0.021960797,0.5189037,2.902153,0.7828293,2
5187,0.71581817,0.047788214,4.152861,0.8295527,3
5188,4.898457e-06,0.8663639,3.3761344,1.2970859,4
5189,0.2746048,0.76558346,3.9008899,0.74527174,5
5190,0.9601492,0.45008236,0.82626057,0.6669411,6
5191,0.012736587,0.5782555,2.4023046,0.8168453,7
5192,0.01910789,0.44432145,3.275683,0.5847676,8
5193,0.98431337,0.78217065,2.4155219,0.53565884,9
5194,0.45765412,0.7903041,3.3802657,0.48637125,10
5195,0.04076162,0.025673324,4.0693526,0.6792676,11
5196,0.4414567,0.54372805,1.2730932,0.6687722,12
5197,0.00037738422,0.2675687,2.8636482,0.55943197,13
5198,0.42491487,0.84431255,4.2399683,0.586686,14
5199,0.0021281666,0.79950243,3.6358776,0.4189265,15
5200,0.003700971,0.37902075,4.1434045,0.94210774,16
5201,0.001145593,0.44889277,2.826893,0.66137826,17
5202,0.028027387,0.42592987,4.8183846,0.6948763,18
5203,0.0038767385,0.7392642,2.6329186,0.8373431,19
5204,0.21235684,0.74750835,4.342455,0.6021135,20
5205,0.3666665,0.31368816,3.7440848,0.511087,21
5206,0.13945764,0.639643,1.7423819,0.7232922,22
5207,0.08065955,0.2051934,2.389051,0.71420074,23
5208,0.062488895,0.6193959,1.3433635,0.8928406,0
5209,0.0635951,0.49361107,2.3096464,0.7869865,1
5210,0.35167366,0.7392053,0.93127877,0.5697168,2
5211,0.6052309,0.06209471,5.3361754,0.603507,3
5212,0.8975707,0.80215406,4.45498,0.6084482,4
5213,0.06576632,0.8624596,2.5394344,0.78788733,5
5214,0.98417205,0.7507679,1.0418541,0.6079085,6
5215,0.8183961,0.21032324,1.9957143,0.7146187,7
5216,0.025079591,0.40513065,4.190121,0.6571536,8
5217,0.0009478122,0.19226252,0.94161814,0.86189914,9
5218,0.025324507,0.5307505,3.6894445,0.9523621,10
5219,0.35366434,0.035733726,3.5356236,0.72985226,11
5220,0.13224009,0.76326215,1.9594953,0.63632256,12
5221,0.03707272,0.34757188,2.6849124,0.7269216,13
5222,0.533889,0.9095372,3.699679,0.8872489,14
5223,0.010143574,0.86234033,3.58351,0.8256228,15
5224,0.05200913,0.33031768,4.5826416,1.1060547,16
5225,0.6606292,0.6032431,2.8055594,0.97436243,17
5226,0.9978655,0.7587208,4.0457973,0.88764274,18
5227,0.015744032,0.7680253,2.9051247,0.62817943,19
5228,0.7594444,0.7910038,4.12185,0.5594813,20
5229,0.83630764,0.36349818,4.3699765,0.7533653,21
5230,0.0027490598,0.5645006,1.8537599,0.73751956,22
5231,0.33755833,0.23056813,2.2008226,0.48756245,23
5232,0.021296816,0.87999505,1.5420471,0.6514677,0
5233,0.08718297,0.72980475,2.423457,0.5123184,1
5234,0.27695575,0.28145117,1.7314901,0.6887719,2
5235,0.26717734,0.06511292,4.8019185,0.56906354,3
5236,0.0005878805,0.78414285,4.1887693,1.1024326,4
5237,0.017131802,0.7222328,3.2582936,0.8761654,5
5238,0.00033042606,0.49055257,1.3118638,0.69856465,6
5239,0.0055764997,0.37405705,1.8214421,0.8420358,7
5240,0.89991236,0.49621946,4.8146405,0.531163,8
5241,0.0016569975,0.13681129,2.1878812,0.6047528,9
5242,0.97335035,0.6642884,2.663509,0.47361913,10
5243,0.23889081,0.029998569,3.6485946,0.78560895,11
5244,0.26384583,0.7026954,2.1569748,0.9063255,12
5245,0.5372471,0.41582337,3.6782634,0.72017455,13
5246,0.47681716,0.8559362,3.6071575,0.57579863,14
5247,0.6972435,0.87028885,4.9587502,0.5816792,15
5248,0.024944777,0.36606252,3.1009219,0.8121368,16
5249,0.5702146,0.6264142,3.0741742,0.62021446,17
5250,0.0055291783,0.51887524,4.8487906,0.55838877,18
5251,0.009252387,0.64590776,3.3719263,0.83890146,19
5252,0.39319447,0.7723496,3.666883,0.6983111,20
5253,0.45451146,0.47661084,3.9541638,0.7661268,21
5254,0.00890352,0.68045807,1.8891373,0.6822223,22
5255,0.00083172036,0.38070038,2.103954,0.81781065,23
5256,0.011919098,0.9244622,1.6961775,0.68406487,0
5257,0.2558658,0.47454554,2.9289458,0.5639876,1
5258,0.12835774,0.7760752,1.650756,0.9741931,2
5259,0.71386063,0.07069089,5.346019,0.83054316,3
5260,0.99006826,0.793934,4.080704,0.6779483,4
5261,0.058248222,0.9164102,3.6315331,0.86818564,5
5262,0.0047110994,0.625558,0.47962666,0.55027306,6
5263,0.15822276,0.6069415,2.4926565,0.5382452,7
5264,0.007309805,0.4664455,4.0537863,0.92407894,8
5265,0.48974848,0.6621955,1.356116,0.56702894,9
5266,0.94068265,0.6008881,2.6915634,0.76990175,10
5267,0.23562711,0.03209843,4.06208,0.49025595,11
5268,0.4030465,0.5015702,1.2313906,0.9353751,12
5269,0.003604526,0.41591167,2.640288,1.0672493,13
5270,0.9773934,0.6285556,3.24013,0.6938375,14
5271,0.36698285,0.7941278,4.199076,0.7070104,15
5272,0.7980478,0.5649056,4.4811277,1.0117342,16
5273,0.052881535,0.64452726,2.6090848,0.77793413,17
5274,0.0019724541,0.5925163,5.2970324,0.7113899,18
5275,0.85327613,0.67497593,2.7652135,0.6552851,19
5276,0.9971968,0.7215958,4.49701,0.47344837,20
5277,0.47189274,0.4219733,2.9726937,0.82454693,21
5278,0.00036522112,0.7172927,1.9262403,0.9695888,22
5279,0.6479809,0.25496152,2.7216678,0.5656068,23
5280,0.96495706,0.48333156,1.1725919,0.49087244,0
5281,0.6216505,0.4833225,1.7348791,0.72425354,1
5282,0.25885665,0.84628457,2.1635768,0.69839627,2
5283,0.051760726,0.087256595,5.820613,0.6548276,3
5284,0.18794827,0.88186604,3.6450858,0.7678813,4
5285,0.031322956,0.57167196,2.2624574,0.90211564,5
5286,0.9122447,0.56667954,1.2352738,0.6023302,6
5287,0.140723,0.64777005,2.4140759,0.9727472,7
5288,0.035436455,0.43786067,4.4001846,0.756247,8
5289,0.3311944,0.7394027,2.0527177,0.91464925,9
5290,0.167517,0.48481855,3.427208,0.6264046,10
5291,0.06921834,0.01985989,3.1577265,0.5093335,11
5292,0.2757171,0.49611762,1.8405069,0.8314736,12
5293,0.0018486637,0.48432222,3.082374,0.7902425,13
5294,0.020531893,0.5735984,4.2714014,0.9834583,14
5295,0.017742539,0.8356528,2.7214077,1.1295804,15
5296,0.024671987,0.36837792,3.1474085,1.3231392,16
5297,0.32618755,0.5059393,2.8131447,0.45498803,17
5298,0.06738625,0.49137336,4.935202,0.8834153,18
5299,0.91040933,0.8525537,2.7520652,0.874506,19
5300,0.98294604,0.7396281,4.8626704,0.43383121,20
5301,0.00032995827,0.50191724,3.7840676,0.8739727,21
5302,0.5794551,0.6735506,1.0412457,0.7639703,22
5303,0.37553072,0.31702498,2.4647012,0.6577493,23
5304,0.89406073,0.71296275,1.8973839,0.7223123,0
5305,0.38914505,0.34414765,1.5916158,0.49716228,1
5306,0.23212604,0.84597534,1.3530356,0.6206431,2
5307,0.18199359,0.052773245,5.599327,0.5846479,3
5308,0.00023792432,0.81781995,4.5878453,1.3698268,4
5309,0.032871015,0.82143116,2.7316523,0.47007018,5
5310,0.116684765,0.5643686,0.8051791,0.7989463,6
5311,0.48909396,0.90817344,3.5423117,0.66674703,7
5312,0.116711624,0.40438232,5.5634813,0.8362719,8
5313,0.15404849,0.65628415,2.336855,1.2637748,9
5314,0.24976705,0.38133872,3.495499,0.68935883,10
5315,0.39820635,0.021150973,3.5988998,0.6216614,11
5316,0.47058675,0.5390611,1.4323504,0.85206956,12
5317,0.09837977,0.28383467,3.0176787,0.5468974,13
5318,0.0018607829,0.76327467,4.0276427,1.0278215,14
5319,0.99980706,0.67497706,2.792726,0.5078443,15
5320,0.22130793,0.37859333,5.0689945,0.5944435,16
5321,0.67771643,0.77522004,3.7603154,0.8165617,17
5322,0.9330532,0.6487943,4.7735844,0.5237578,18
5323,0.91265446,0.86613274,2.8240302,0.8139515,19
5324,0.0050349045,0.63596284,5.2458243,0.87600994,20
5325,0.5877371,0.40021664,3.912373,0.77635765,21
5326,0.00039130024,0.68753356,1.6382105,1.0201576,22
5327,0.010611091,0.24502485,3.1331177,0.62894154,23
5328,0.8654656,0.76421016,1.5563642,0.63615763,0
5329,0.5549051,0.34135184,2.8363867,0.81819123,1
5330,0.010508688,0.6868092,0.7696795,0.64714944,2
5331,0.49050048,0.05766186,4.879694,0.82610303,3
5332,0.99989915,0.8565267,3.110925,0.3548736,4
5333,0.03639325,0.89666855,3.616319,0.9903499,5
5334,0.010488467,0.8748157,1.654686,0.6508819,6
5335,0.0750671,0.3629379,2.3962734,0.8313063,7
5336,0.005974587,0.49170595,4.34655,0.6518048,8
5337,0.0051499447,0.0800178,1.2291832,0.6667371,9
5338,0.450513,0.27320057,3.3725097,0.6657344,10
5339,0.0007012175,0.027055278,3.272846,0.6937846,11
5340,0.401987,0.59903234,1.4556415,0.93213725,12
5341,0.10252017,0.23671123,2.0928254,0.8693391,13
5342,0.86721176,0.9262684,4.664521,0.62084293,14
5343,0.012940368,0.813641,2.7293677,0.8792405,15
5344,0.46246877,0.27994925,4.498178,0.7845794,16
5345,0.030930614,0.58057064,1.9767251,0.6415006,17
5346,0.96347237,0.68253857,3.9229574,0.8423401,18
5347,0.040718522,0.80333567,2.7304177,0.91102076,19
5348,0.30535164,0.77024406,5.3668933,0.65142787,20
5349,0.5068101,0.39264974,4.618003,0.6828524,21
5350,0.04106032,0.594845,1.1840144,0.84659106,22
5351,0.8356545,0.2733078,2.1900795,0.623245,23
5352,0.90982753,0.41063654,1.3813574,0.5762687,0
5353,0.3309952,0.5849843,1.6630803,0.7220143,1
5354,0.10407076,0.13997118,0.8927005,0.4981413,2
5355,0.5033496,0.05623102,4.097626,1.0318083,3
5356,0.9998447,0.9183929,4.3188653,0.5318632,4
5357,0.4885264,0.70136863,3.065546,0.4960246,5
5358,2.0088191e-07,0.49834627,1.6779652,0.9818052,6
5359,0.081299596,0.5297331,2.7518153,0.4289082,7
5360,0.00033090016,0.46462044,3.9298246,0.9773645,8
5361,0.9961124,0.725419,2.6595674,0.47056222,9
5362,0.49680236,0.6275568,3.2684944,0.76890934,10
5363,0.4120414,0.019403668,4.4464445,0.6069859,11
5364,0.5108772,0.8682022,1.4144475,0.71786076,12
5365,0.82591563,0.3720556,2.9097295,0.5936092,13
5366,0.98371327,0.61043274,3.8583384,0.49016103,14
5367,0.9875981,0.91809005,2.8017724,0.4956862,15
5368,0.48418468,0.3379617,4.134862,0.78011215,16
5369,0.18962505,0.54399437,2.9709058,0.72316253,17
5370,4.2733727e-06,0.5556006,3.9304852,1.0544266,18
5371,0.0032442068,0.762058,3.08806,0.7760435,19
5372,0.09413291,0.5750005,3.8679514,0.7028299,20
5373,0.33676907,0.390477,4.1709824,0.81609696,21
5374,0.99619424,0.6247205,1.3132225,0.59243774,22
5375,0.0061038765,0.20397404,3.1515222,0.73199916,23
5376,0.87431335,0.6235195,2.1454597,0.9730189,0
5377,0.3080986,0.46040145,1.4116528,0.7736652,1
5378,0.22216351,0.83001137,1.3617628,0.75377285,2
5379,0.27516896,0.04544874,5.2690163,0.8233454,3
5380,0.9626187,0.79931045,3.8580675,0.7882464,4
5381,0.8150254,0.77673507,3.6386023,0.68879396,5
5382,0.14423467,0.8537754,0.91904116,0.71434253,6
5383,0.030017173,0.47777036,3.234263,0.57959604,7
5384,0.015362168,0.5781571,4.398677,0.75182503,8
5385,0.054356117,0.80025184,1.8052349,0.665154,9
5386,0.16831903,0.6449971,3.2861323,0.6999885,10
5387,0.12897946,0.026326345,4.138666,0.85521454,11
5388,0.3989898,0.55588907,1.5229604,0.8828133,12
5389,0.007355304,0.31918797,2.5240874,0.77209586,13
5390,0.059890278,0.6638697,3.1305132,0.67401016,14
5391,0.99951565,0.8081168,2.6151798,0.4309709,15
5392,0.09733093,0.35365427,3.3971038,0.6136046,16
5393,0.8153251,0.6399925,2.9782553,0.5077467,17
5394,0.7797085,0.49344462,5.6949453,0.6182544,18
5395,0.0029682794,0.7721741,3.0072103,0.9286582,19
5396,0.048589878,0.7303369,5.0069942,0.65324795,20
5397,0.79387796,0.29630032,4.3064985,1.146914,21
5398,0.06431746,0.7279365,1.1719233,0.6069171,22
5399,0.012266832,0.33139804,2.727819,0.68755025,23
5400,0.14572722,0.66175485,1.5274222,1.0345852,0
5401,0.0072567225,0.70255446,1.9748877,0.53195643,1
5402,0.72766757,0.514412,1.8130885,0.7811797,2
5403,0.09355021,0.092078336,4.8140655,0.75729513,3
5404,0.0010217772,0.859966,4.2115755,1.2396998,4
5405,0.95352393,0.79085135,2.5754652,0.5145565,5
5406,0.018227344,0.61907196,0.8699343,1.0844582,6
5407,0.013997011,0.41949722,2.5746086,0.5773642,7
5408,0.035225432,0.40537524,3.8580675,0.8337105,8
5409,0.7634981,0.61413366,2.178534,0.96643037,9
5410,0.0040869536,0.6574003,4.936653,1.157964,10
5411,0.89844257,0.02148163,3.376404,0.566508,11
5412,0.31372163,0.352949,1.4905809,0.92393243,12
5413,0.23178375,0.37333256,2.8836737,0.6503453,13
5414,0.77521473,0.76651883,3.2924845,0.62260675,14
5415,0.2039461,0.72186494,4.3467727,0.54126436,15
5416,0.80128914,0.3382201,4.1467476,0.72533816,16
5417,8.0290185e-05,0.50204223,2.39812,0.7114797,17
5418,0.42777526,0.552735,4.7258573,0.4437128,18
5419,0.18857796,0.7887365,2.5882645,0.7989862,19
5420,0.9030091,0.74374914,4.8470297,0.7501033,20
5421,0.8592966,0.30347005,2.7372975,0.63764536,21
5422,0.14873712,0.86242163,2.154583,0.64055854,22
5423,0.048483826,0.19778602,1.6562784,0.40398228,23
5424,0.71786296,0.4936703,2.1704233,0.9417593,0
5425,0.0043175444,0.16119881,1.4316732,0.6198641,1
5426,0.065478556,0.8609889,1.8034678,0.8263345,2
5427,0.62756747,0.052457027,5.179719,0.9777938,3
5428,0.0113933375,0.9136442,4.921096,0.93831635,4
5429,0.15391393,0.90266925,3.9325557,0.83777016,5
5430,0.00019531196,0.5569062,1.0719001,0.9465831,6
5431,0.29933372,0.41430634,3.003201,0.5831937,7
5432,0.024513895,0.5242097,5.0925856,0.6782863,8
5433,0.027998034,0.17241591,1.6266084,0.6851891,9
5434,0.12633932,0.74911094,3.6105444,0.5861558,10
5435,0.31543627,0.022963502,4.0993137,0.774022,11
5436,0.50869536,0.7996021,1.6370633,0.8820332,12
5437,0.20436604,0.36763427,3.5185137,0.6471547,13
5438,0.40758422,0.71189433,3.2296803,0.9140928,14
5439,0.0013082754,0.85013,3.456932,0.7415317,15
5440,0.10094477,0.36349228,3.6289911,0.6693734,16
5441,0.37702253,0.61397356,3.2443106,0.6524018,17
5442,0.99794954,0.49784744,3.9238455,0.6917161,18
5443,0.074769594,0.7750836,2.99142,0.7203913,19
5444,0.057078853,0.66925246,4.6565466,0.7694105,20
5445,0.3169379,0.34997493,3.3938267,0.72315705,21
5446,2.6284204e-06,0.59816605,1.2379682,1.2891276,22
5447,0.030182745,0.39865434,3.0445263,0.5428919,23
5448,0.95803607,0.7402322,2.256156,0.46928984,0
5449,0.0007596449,0.30877608,1.4859189,0.60850734,1
5450,0.74635637,0.95583636,1.568042,0.9965098,2
5451,0.44770136,0.06483256,5.2375135,0.84982765,3
5452,0.7973998,0.91222525,4.6071205,1.0695741,4
5453,0.17919238,0.5654729,3.2383356,0.9447852,5
5454,0.9981887,0.7923713,1.4780049,0.4672982,6
5455,0.84602594,0.20480576,2.5948799,0.69066334,7
5456,0.013433498,0.49556938,5.271914,0.94918996,8
5457,0.041615345,0.5384618,2.4179444,0.7506691,9
5458,0.25479734,0.42100495,2.2631934,0.764321,10
5459,0.043746762,0.02514019,3.2424757,0.80741554,11
5460,0.18483418,0.34591115,1.7068404,1.0043923,12
5461,0.0005643003,0.41658354,3.7420697,0.88725793,13
5462,0.1492395,0.64651835,3.8094022,1.0123311,14
5463,0.0077149263,0.742408,3.993826,0.91053903,15
5464,0.43557027,0.4997517,3.1187975,0.9558916,16
5465,0.0640613,0.7247739,2.1094468,0.66056454,17
5466,0.010568993,0.35132456,4.6053696,0.53047305,18
5467,0.20384714,0.86957324,4.5283966,0.735251,19
5468,0.0114354035,0.7927357,4.4269376,0.56508905,20
5469,0.97138095,0.4120629,3.9441233,0.91554874,21
5470,0.0058394154,0.686688,2.352597,0.6394476,22
5471,0.006929011,0.37282735,3.1812131,0.59076834,23
5472,0.037427302,0.6622552,1.4147279,0.7165859,0
5473,0.552059,0.5029736,2.0579574,0.5725158,1
5474,0.29552966,0.6516169,1.8632853,0.6670672,2
5475,0.31549352,0.04811683,4.1086116,0.66568947,3
5476,8.832456e-05,0.7916154,3.9864292,1.4617786,4
5477,0.93400854,0.78449285,3.0084574,0.4848751,5
5478,0.114482075,0.2515487,1.392829,0.5319869,6
5479,0.11508895,0.49077183,2.4964075,0.45452836,7
5480,0.12654427,0.5585349,4.1223154,0.8188907,8
5481,0.9667575,0.65976906,2.2198339,0.6259623,9
5482,0.35186556,0.3244469,3.490296,0.6078278,10
5483,0.7906406,0.016182931,4.26838,0.9119207,11
5484,0.45117912,0.766883,1.6846726,1.1874094,12
5485,0.09638292,0.43808997,2.734415,0.5759294,13
5486,0.007588538,0.6842264,3.196392,0.7705372,14
5487,0.19750632,0.66726667,2.8121245,0.7348419,15
5488,0.13033152,0.42774543,3.6971476,0.6086017,16
5489,0.9996853,0.6804995,2.558049,0.5530411,17
5490,0.26144692,0.51432157,4.889338,0.55786896,18
5491,0.78811604,0.78099316,2.9274912,0.9184999,19
5492,0.0047209454,0.8129876,4.755254,0.58887273,20
5493,0.7417823,0.5333877,4.1093125,0.75485283,21
5494,0.4920251,0.6647066,1.50562,1.0346882,22
5495,0.00025755443,0.31093493,3.3623934,0.8595157,23
5496,0.9530402,0.696977,2.0899076,0.8367324,0
5497,0.23699051,0.44259885,2.4047337,0.7707396,1
5498,0.010144929,0.5471778,0.7088076,0.876638,2
5499,0.51414245,0.07505352,5.1923633,0.7199482,3
5500,0.10563925,0.9538583,4.4183106,0.46514496,4
5501,0.33093283,0.84219223,4.0309343,0.7670862,5
5502,0.99941504,0.89160496,0.86841357,0.6190703,6
5503,0.026434299,0.56792164,1.6754907,0.7966155,7
5504,0.03979528,0.5172742,4.694786,0.8970224,8
5505,0.01852232,0.48078948,2.105114,0.6311631,9
5506,0.08233987,0.6951013,2.7670238,0.6497103,10
5507,0.01404615,0.025790632,3.4945416,0.55951643,11
5508,0.4775817,0.7222981,1.2411354,0.8666224,12
5509,0.92270994,0.2568506,2.775196,0.72729105,13
5510,0.7915688,0.720678,3.8679671,0.7704427,14
5511,4.8406586e-05,0.90431803,3.6633408,0.88083774,15
5512,0.9934637,0.57573456,4.358058,0.73365724,16
5513,0.99388534,0.68272567,3.1088338,0.9155868,17
5514,0.05296962,0.4065307,4.497808,0.9998792,18
5515,0.15116169,0.7437187,1.8507998,0.8392041,19
5516,0.45312613,0.50720835,4.142398,0.7882829,20
5517,0.13771622,0.45898312,3.4277892,1.1222818,21
5518,4.731927e-06,0.6118906,0.9788719,1.4403938,22
5519,0.013088383,0.43755004,3.517094,0.7967865,23
5520,0.9031134,0.94151545,2.315757,0.33640966,0
5521,0.1266046,0.49009207,2.1905968,0.81169575,1
5522,0.26339987,0.5260595,1.4883842,0.6874189,2
5523,0.6744587,0.085373096,5.6371603,1.028576,3
5524,0.022840386,0.8870706,4.4184904,1.2498093,4
5525,0.0045370637,0.46714318,3.5084934,1.0260818,5
5526,0.0026226977,0.9645872,1.080779,0.46541584,6
5527,0.001114711,0.4166885,2.3614295,1.0819906,7
5528,0.043101188,0.54897636,3.4516077,0.872864,8
5529,0.0005150747,0.7927759,2.1125922,0.8640143,9
5530,0.4363825,0.30468357,2.8503587,1.0022955,10
5531,0.4422244,0.028937446,4.1742916,0.8001897,11
5532,0.32354042,0.63670874,1.504713,0.91382456,12
5533,0.9998796,0.27942675,3.0750477,0.5348071,13
5534,0.27254695,0.76782334,3.252717,0.6340796,14
5535,0.98078066,0.9007705,4.941869,0.6267587,15
5536,0.24096526,0.4609962,4.2678676,0.7463772,16
5537,0.9884912,0.36667672,1.678508,0.80785525,17
5538,0.04075439,0.595832,5.804484,0.5700051,18
5539,0.019024536,0.75537455,2.5513558,0.88060135,19
5540,0.12366933,0.6600248,4.564932,0.8693021,20
5541,0.5223981,0.42941552,3.702104,0.5886441,21
5542,0.0021489789,0.67158556,2.307462,1.4794531,22
5543,0.7080256,0.43719596,2.7147446,0.79942596,23
5544,0.020266036,0.5671313,2.1902306,1.0071325,0
5545,0.5941958,0.31510347,1.3830763,0.83569556,1
5546,0.88330424,0.6131562,0.7699424,0.8688209,2
5547,0.88596946,0.045937236,5.331998,0.9386185,3
5548,0.0030798628,0.86899745,4.6578555,0.8461624,4
5549,0.0036368244,0.8964241,3.787433,0.6635369,5
5550,0.00011724289,0.6921109,1.024722,0.77857506,6
5551,0.7607722,0.64887893,2.819417,0.6838403,7
5552,0.094384894,0.36831707,4.3232613,0.81432396,8
5553,0.0754325,0.7093,1.9793656,0.55987537,9
5554,0.6477024,0.5300756,2.665795,0.75097454,10
5555,0.321156,0.03676007,3.610178,0.9589071,11
5556,0.45089653,0.6008572,1.5606649,1.2285314,12
5557,0.017952736,0.32488775,2.6708884,0.65778375,13
5558,0.51164407,0.8696603,4.907629,0.7770776,14
5559,0.53108263,0.88998055,3.1004543,0.6236664,15
5560,0.48945814,0.45880747,3.5648985,1.0853801,16
5561,0.6398999,0.39708903,2.6424015,0.7707442,17
5562,0.30142334,0.5507934,4.8420496,0.59169173,18
5563,0.000735916,0.7161474,3.177519,0.85916346,19
5564,0.45289686,0.82060796,4.612289,0.64199203,20
5565,0.69134897,0.45545018,3.6385112,0.6849115,21
5566,2.3016582e-05,0.73285574,1.5478835,1.0288476,22
5567,0.05884051,0.22151953,2.2779484,0.54573184,23
5568,0.0607648,0.6556072,1.2778991,0.61982995,0
5569,0.08966562,0.47463274,1.7580876,1.0621994,1
5570,0.58041835,0.8361935,2.2862048,0.947196,2
5571,0.21303596,0.06352252,5.002937,0.7134145,3
5572,0.9985703,0.76391506,3.4970503,0.66087925,4
5573,0.091638826,0.82808197,3.6056848,0.885013,5
5574,0.06322437,0.33050543,0.56206715,0.8525923,6
5575,0.11047986,0.2002593,2.628616,0.88053477,7
5576,0.13302498,0.50369686,5.370972,0.81746864,8
5577,9.699537e-06,0.5935197,2.6480846,0.7612572,9
5578,0.5817119,0.61513597,3.4099185,0.69736636,10
5579,0.079636976,0.04877426,3.2245393,0.69350994,11
5580,0.40798596,0.5703179,1.5597565,0.7650007,12
5581,0.8229307,0.34660915,2.21947,0.58364075,13
5582,0.9936907,0.8163258,2.9123852,0.7694446,14
5583,0.15713407,0.8387939,3.295514,0.77336794,15
5584,0.044682592,0.294197,4.3337173,1.5023851,16
5585,1.4330012e-05,0.4801408,3.3721623,0.8064801,17
5586,0.004333353,0.3735403,4.21686,1.0205863,18
5587,0.6683493,0.7975923,2.0201433,0.6720387,19
5588,0.5014568,0.46245453,3.9143,0.6372157,20
5589,0.91456056,0.3716485,3.746259,0.7573866,21
5590,0.04875502,0.5344057,1.5261346,0.6624747,22
5591,0.84219337,0.2170463,2.0746267,0.62527984,23
5592,0.99608684,0.70858055,2.1866474,0.3644057,0
5593,0.44228578,0.3309661,2.2744985,0.7833963,1
5594,0.056918163,0.84280175,1.1377207,0.6181061,2
5595,0.78981215,0.046014056,4.7622824,1.0670708,3
5596,0.89406854,0.8192188,4.069006,0.722237,4
5597,0.8112834,0.7535146,3.3260689,0.65382665,5
5598,0.0078523215,0.46466056,0.631071,0.7575258,6
5599,0.8624265,0.45104477,2.0297053,0.81979203,7
5600,0.37949756,0.38611344,3.8146183,0.76940143,8
5601,0.0024141623,0.20437881,1.9996374,0.9002965,9
5602,0.03384355,0.4529848,2.2915432,0.6274622,10
5603,0.16897859,0.022396576,4.036413,0.37086213,11
5604,0.6104823,0.39663455,1.0538697,0.95792437,12
5605,0.049883436,0.29714704,2.516372,1.0221655,13
5606,0.7376994,0.7466715,3.329146,0.89086044,14
5607,2.4740335e-05,0.7226677,2.8482108,1.2672865,15
5608,0.28681487,0.45942187,5.366089,0.555541,16
5609,0.0023516393,0.6590865,3.051525,0.7482555,17
5610,0.009953865,0.43124497,3.8259935,0.59798783,18
5611,0.35305387,0.65698606,1.7543712,0.62807256,19
5612,0.22374427,0.7824006,4.8095107,0.59672344,20
5613,0.030976918,0.38313127,3.8515105,0.87271935,21
5614,0.014516828,0.72925425,2.3763304,0.44116887,22
5615,0.09908599,0.26558474,2.9516256,0.7490453,23
5616,0.086876646,0.83779144,1.6079721,0.71659005,0
5617,0.13668716,0.2843407,3.1199446,0.89824283,1
5618,0.11758461,0.54913163,1.9780172,0.58728856,2
5619,0.58552885,0.07427106,3.5976324,1.076894,3
5620,0.2819291,0.8468116,4.675029,0.6418038,4
5621,0.4778586,0.65437263,3.299837,1.0260665,5
5622,0.9999999,0.9632751,0.90127236,0.4561206,6
5623,0.76452833,0.22486253,2.410939,0.53293216,7
5624,0.060824815,0.4771819,5.2602797,0.6947225,8
5625,0.043273106,0.44168514,1.6269518,0.8441415,9
5626,0.14187633,0.6591222,3.8932414,0.6402493,10
5627,0.54818916,0.022658253,4.1598644,0.5527068,11
5628,0.3588087,0.7799679,1.5096451,1.2144531,12
5629,0.44456518,0.4233361,3.9537306,0.6951088,13
5630,0.6616038,0.44947916,3.3345392,0.8783742,14
5631,0.9889481,0.7398079,3.995104,0.6535846,15
5632,0.037590913,0.37980303,4.235663,0.53576064,16
5633,0.99591064,0.6880336,2.6426318,0.69198275,17
5634,0.10541725,0.5743157,5.1323824,0.7729677,18
5635,0.0066510728,0.80835783,2.0938199,0.6694308,19
5636,0.004894032,0.85174125,5.196804,0.77336574,20
5637,0.060578916,0.40473294,3.040805,0.6990478,21
5638,0.26653802,0.6808509,2.6390066,0.6710454,22
5639,0.1128196,0.23085694,1.8791808,0.80648506,23
5640,0.87904835,0.42078313,2.0197115,0.76335216,0
5641,0.1289579,0.42461002,2.039351,0.7109887,1
5642,0.05161572,0.64038306,0.96011764,0.7924754,2
5643,0.4709954,0.05823864,5.2508945,0.82330996,3
5644,0.0004891411,0.70433426,3.4700022,1.0911223,4
5645,0.63858557,0.80659133,3.1111612,0.6959982,5
5646,0.009951343,0.8758265,1.7445499,0.7292861,6
5647,0.45578253,0.36224917,2.049774,0.54352856,7
5648,0.021189464,0.4913249,3.8569288,0.6052188,8
5649,0.9050294,0.8842456,1.662492,0.5603019,9
5650,0.0412969,0.39043847,3.4645774,0.5510889,10
5651,0.92413193,0.017991627,4.202333,0.56729305,11
5652,0.35259703,0.454102,1.8023481,0.8003345,12
5653,0.0071771676,0.47712404,2.7680078,0.494022,13
5654,0.2443023,0.9153556,4.980193,0.76029694,14
5655,0.99989045,0.91774493,4.2766256,0.48285294,15
5656,0.020329172,0.3903751,4.2740064,0.60698134,16
5657,0.075202845,0.4211168,1.7901253,0.68363243,17
5658,0.008263977,0.4993766,5.516748,0.8225709,18
5659,0.0022130779,0.740103,2.4713695,1.1121501,19
5660,0.0027096148,0.82128996,3.6688683,1.0048221,20
5661,0.27958637,0.33842438,3.241658,0.5919897,21
5662,0.007527779,0.58333594,1.311983,0.9204864,22
5663,0.9926999,0.13297927,2.6404915,0.8659163,23
5664,0.013982224,0.48609966,1.6294993,1.1659188,0
5665,0.99663454,0.7972742,2.1466954,0.8188219,1
5666,0.29940256,0.8816534,0.9541423,0.45381027,2
5667,0.348016,0.06333465,4.6952357,1.46178,3
5668,0.0027032206,0.9452053,4.1404696,0.7284501,4
5669,0.18575673,0.8351056,3.9650598,0.64823735,5
5670,0.0033979716,0.8824028,1.1401209,0.69732463,6
5671,0.17856804,0.24395065,2.2147264,0.7527134,7
5672,0.039560515,0.49167886,3.973055,0.5557282,8
5673,0.9985386,0.32131052,1.9283965,0.6532785,9
5674,0.35382077,0.7626734,4.095498,0.71762204,10
5675,0.019379435,0.024992907,3.3814049,0.8936161,11
5676,0.29675856,0.5839144,2.193472,0.9361676,12
5677,0.0039364486,0.27409527,2.025758,0.9723634,13
5678,0.13421974,0.8029748,3.6473808,0.75658274,14
5679,0.13313077,0.8300674,2.88627,0.59662414,15
5680,0.022169327,0.37780136,3.6073492,0.65539217,16
5681,8.408596e-05,0.6150307,3.3945477,1.0244629,17
5682,0.008565434,0.49307442,4.4418793,0.5257901,18
5683,0.00601638,0.34800333,2.184297,0.52608454,19
5684,0.8176499,0.77488226,4.5898743,0.5226528,20
5685,0.00017958789,0.34570336,3.7045794,0.72861284,21
5686,0.9908902,0.8673394,1.8233213,0.60794485,22
5687,0.013831813,0.35223615,2.19363,0.6166823,23
5688,0.43798187,0.41984874,2.5919409,0.7829308,0
5689,0.48778123,0.42531782,3.0190935,0.49995485,1
5690,0.17093019,0.6367183,1.2289635,0.7210172,2
5691,0.32159036,0.06438016,4.5235972,0.6248107,3
5692,0.0072996537,0.8343348,4.327693,0.6709111,4
5693,0.8801543,0.7637591,2.588737,0.3584322,5
5694,0.72323674,0.81850684,0.8342952,0.8004303,6
5695,0.41546956,0.43699524,1.9760178,0.7856276,7
5696,0.18529896,0.5044816,4.242188,0.84925866,8
5697,0.86642706,0.86430043,1.7794336,0.6835418,9
5698,0.3190536,0.6155432,3.2404175,0.7568144,10
5699,0.009080299,0.04022281,3.3904552,0.65327954,11
5700,0.24653552,0.6283386,0.7859374,0.61492527,12
5701,0.17221385,0.41734514,3.430027,0.50741726,13
5702,0.24993135,0.67255336,4.23815,0.724486,14
5703,0.40144002,0.8280823,3.650273,0.66474724,15
5704,0.00072188326,0.28157791,3.218789,0.5283895,16
5705,4.3614837e-05,0.6211364,2.6887991,0.8403602,17
5706,0.00508679,0.569085,4.72439,0.97887707,18
5707,0.8639402,0.78256357,1.896692,0.7398998,19
5708,0.97064567,0.61587936,4.156501,0.43138897,20
5709,0.5185966,0.490041,3.7868867,1.2006881,21
5710,0.040418833,0.523256,0.94715595,0.5205268,22
5711,0.17319407,0.26791796,1.9960535,0.61042464,23
5712,0.9845777,0.7846618,2.0166252,0.6654339,0
5713,0.1533744,0.51949793,2.4605525,0.5950204,1
5714,0.5422346,0.8660028,1.2162877,0.5149793,2
5715,0.38129738,0.061014604,3.4254928,0.9140045,3
5716,0.0036185,0.8565559,3.4592626,0.8122564,4
5717,0.48551142,0.7474531,2.6267216,0.49022794,5
5718,0.02613726,0.42928973,1.223251,0.95568925,6
5719,0.009002591,0.31022683,2.6657186,0.81307167,7
5720,0.0009620613,0.40361375,4.3533463,0.69588476,8
5721,0.75115997,0.3664368,2.3911052,0.5765028,9
5722,0.037891872,0.50251853,3.2550266,0.61554927,10
5723,0.13841246,0.022236954,3.738202,0.67773914,11
5724,0.5402209,0.5582844,1.7880783,0.64716494,12
5725,0.1995795,0.4489383,3.473771,0.8088779,13
5726,0.96218115,0.6874875,4.6787615,0.78659207,14
5727,0.0026773596,0.7780011,2.5970497,0.6768098,15
5728,0.83235437,0.5140297,3.5175457,0.72731936,16
5729,0.0043374407,0.48582622,2.6339412,0.94648504,17
5730,0.0010292978,0.59158003,4.5091248,0.75034666,18
5731,0.7182293,0.7373585,1.982144,0.92680943,19
5732,0.35072345,0.84602034,5.4143233,0.6220617,20
5733,0.2980831,0.40297773,3.7818232,0.9266338,21
5734,0.0008416673,0.6999196,1.2624854,0.9557403,22
5735,0.034918685,0.3693828,3.455371,0.5104899,23
5736,0.50109774,0.547925,1.8315464,0.9222877,0
5737,0.1021088,0.32539776,3.0582569,0.7695132,1
5738,0.36139736,0.66470104,0.9947491,0.6884984,2
5739,0.17420626,0.059770104,5.0273795,0.70297253,3
5740,0.0008999818,0.90608907,3.6998992,0.8985568,4
5741,0.8899206,0.7018978,2.3778555,0.43981823,5
5742,0.9860939,0.48889413,1.03552,0.86223453,6
5743,0.03444887,0.32899705,2.6901104,0.8257977,7
5744,0.0012701651,0.30992994,3.4624228,0.85083455,8
5745,0.8674965,0.8850607,1.785314,0.7393733,9
5746,0.06697415,0.61260074,3.3456945,0.647581,10
5747,0.3242315,0.030068954,4.3629603,0.70999026,11
5748,0.6037111,0.6100461,1.3412224,0.5010141,12
5749,0.01915798,0.29169294,2.5622652,0.7519573,13
5750,0.88999003,0.93504983,3.820524,0.91772723,14
5751,0.002495885,0.8321056,4.2388062,0.61884123,15
5752,0.08185381,0.3861992,4.2552123,0.6887844,16
5753,0.108358055,0.45121664,3.33962,0.5208617,17
5754,0.5728887,0.43451643,5.3425665,0.7621103,18
5755,0.68926346,0.68190604,2.4658082,0.83174264,19
5756,0.9502507,0.77838236,4.6194773,0.62522703,20
5757,0.20299296,0.48922175,3.431826,0.7593089,21
5758,0.9244169,0.5913332,1.403225,0.6849842,22
5759,0.9908523,0.33939078,2.8788285,0.7814889,23
5760,0.80983454,0.7838966,1.3464016,0.84088504,0
5761,0.024778461,0.52233803,2.2368414,0.83868253,1
5762,0.45277244,0.5776358,1.0513225,0.82333297,2
5763,0.32191017,0.05801052,5.5362964,0.8624044,3
5764,0.8952084,0.95301247,4.95262,0.5860631,4
5765,0.25687528,0.7894078,2.8092904,0.6682361,5
5766,0.21390407,0.79399145,0.58893603,0.7277829,6
5767,0.73255634,0.54631674,2.7527416,0.81696224,7
5768,0.123465404,0.6093603,4.1490207,0.71233845,8
5769,0.121834025,0.5811487,1.9809165,0.8281123,9
5770,0.015413889,0.6754761,2.7773046,0.7574873,10
5771,0.12079186,0.024271818,3.307943,0.6669846,11
5772,0.47135338,0.4876073,1.2448692,0.9103275,12
5773,0.86311334,0.33976007,3.4819481,0.6596608,13
5774,0.119021304,0.56663615,4.1183853,1.0410697,14
5775,0.16114977,0.85307246,4.5021524,0.6560801,15
5776,0.9043378,0.23681739,4.876031,0.7705692,16
5777,0.973546,0.6296842,2.1968904,0.46650076,17
5778,0.1091819,0.4023176,4.5475297,0.66904855,18
5779,0.03908252,0.37471813,2.8139057,0.77242905,19
5780,0.027020143,0.79772455,5.335863,0.78974986,20
5781,0.2518969,0.397864,5.2147827,0.6419003,21
5782,0.97050405,0.4671229,1.7122258,0.5193236,22
5783,0.04484629,0.34398794,2.3184257,0.93539274,23
5784,4.5336913e-07,0.7201743,2.0217094,1.1503634,0
5785,0.33020428,0.54986954,1.796419,0.6778935,1
5786,0.0046273805,0.84579897,1.4089869,0.5527795,2
5787,0.56432194,0.05435914,6.148024,0.9508996,3
5788,0.7238426,0.78224313,4.564075,0.8411399,4
5789,0.13321832,0.83855414,3.6384249,0.8752581,5
5790,0.9999956,0.95795685,1.4563595,0.54372835,6
5791,0.043265224,0.48724347,2.3791056,1.1252819,7
5792,0.036394577,0.4139323,2.946192,0.74918604,8
5793,6.4265034e-05,0.73557407,2.7543685,0.8891195,9
5794,0.60291845,0.5024057,1.8831797,0.7450863,10
5795,0.6571941,0.02521205,3.8077438,0.5129913,11
5796,0.49556223,0.74937934,1.4270935,0.99373806,12
5797,0.2967158,0.33392256,3.0970743,0.58372533,13
5798,0.021778485,0.7062176,3.7361479,1.0055307,14
5799,0.1312703,0.80894756,4.926147,0.6819676,15
5800,0.2678836,0.4537746,3.261267,0.64595884,16
5801,0.07863205,0.521007,2.0963182,0.77915716,17
5802,0.00075156055,0.5199543,5.4898973,0.6424935,18
5803,0.105062,0.40407437,1.7016146,0.87995106,19
5804,0.058586754,0.8464633,3.5969586,0.8820293,20
5805,0.22290128,0.3280268,3.6438968,0.75445324,21
5806,0.100221984,0.7580763,1.5245353,0.9302025,22
5807,0.424222,0.21271311,2.335532,0.9394934,23
5808,0.16577631,0.75890046,2.3287313,0.8581213,0
5809,0.001765203,0.46668357,2.4289713,0.6571489,1
5810,0.949216,0.8083276,0.9730871,0.78193605,2
5811,0.32250112,0.04615873,3.1764305,0.93799925,3
5812,0.38930735,0.76160073,3.8083866,0.68360734,4
5813,0.2330421,0.5958479,2.4834354,0.567883,5
5814,0.96731555,0.5540666,0.71239233,0.6414578,6
5815,0.026817743,0.6758119,2.7581904,0.58450824,7
5816,0.18857636,0.3890916,3.2984672,1.0056214,8
5817,0.00010806563,0.61556554,2.1161392,1.1459849,9
5818,0.020347614,0.6397311,4.284858,0.7628821,10
5819,0.09260987,0.024224032,3.6801348,0.57343054,11
5820,0.4140715,0.7959722,0.97027373,0.7940881,12
5821,0.0015580901,0.28437904,2.079228,0.8058094,13
5822,0.31210276,0.68975407,3.4852748,0.7726663,14
5823,0.014530163,0.8156865,4.235198,0.8491414,15
5824,0.17937617,0.27477184,3.550781,0.82735384,16
5825,0.99914336,0.3809067,2.178737,0.48075154,17
5826,0.034939494,0.5358242,5.015817,0.5240549,18
5827,9.4709576e-05,0.6752378,2.9211316,0.91931283,19
5828,0.044081982,0.6071111,4.7451077,0.6436011,20
5829,0.83845145,0.37873355,4.441559,0.6810082,21
5830,0.0002121609,0.6827327,1.8754196,1.1203036,22
5831,0.034725145,0.517325,3.3861516,0.74812704,23
5832,0.032323863,0.397765,1.6842216,0.6923783,0
5833,0.08401757,0.5712402,2.3504417,0.83232534,1
5834,0.95274204,0.69261783,1.6891884,0.44928634,2
5835,0.5842478,0.046520542,5.1864123,0.6088022,3
5836,0.013816569,0.8870171,4.115631,0.5583646,4
5837,0.24352202,0.64434016,3.3048391,0.49503908,5
5838,0.0060003353,0.48295262,0.9256184,0.523137,6
5839,0.7422962,0.4515373,2.2692437,0.70402855,7
5840,0.0054860814,0.5754975,4.1051044,0.5522358,8
5841,0.13850428,0.34541768,2.2313147,0.5768564,9
5842,0.009987337,0.43712303,2.353414,1.004343,10
5843,0.9334204,0.02436747,4.4515524,0.6630572,11
5844,0.3257156,0.73629224,1.2996886,0.6918197,12
5845,0.99583423,0.28980705,2.8910468,0.66631746,13
5846,0.0011272867,0.78150344,4.021064,0.91463876,14
5847,0.0014267694,0.90999484,3.462285,0.5720717,15
5848,0.15751797,0.46138284,5.0111876,0.8314722,16
5849,0.91381353,0.4130872,2.3310118,0.7347787,17
5850,0.62598586,0.47284037,3.6706214,0.7921025,18
5851,0.11181117,0.53659725,2.279141,0.8654433,19
5852,0.31306162,0.6163494,5.481244,0.63374734,20
5853,0.46544152,0.5051402,3.7621126,0.7762093,21
5854,0.052015908,0.55125827,2.0619588,0.67010117,22
5855,0.9663972,0.21892756,3.5127168,0.5245238,23
5856,0.07331737,0.59134495,1.6993747,0.8856517,0
5857,0.14811833,0.6175233,2.4509857,0.9064214,1
5858,0.025027238,0.7188078,1.1477243,0.94178677,2
5859,0.24024986,0.07808393,5.8445807,0.531007,3
5860,0.46293378,0.8691729,4.262667,0.7548413,4
5861,0.0022793922,0.79677665,3.0263433,0.87000334,5
5862,0.14135277,0.8181066,1.3185034,0.58614296,6
5863,0.011665946,0.5495016,1.7511917,0.7273935,7
5864,0.6228278,0.48273024,3.584844,0.84081644,8
5865,0.9948243,0.3831755,2.0685263,0.5897945,9
5866,0.31398234,0.42430317,3.1542265,0.65558904,10
5867,0.27897117,0.026183689,3.6186762,0.6273178,11
5868,0.55609816,0.704494,1.3776256,1.3502595,12
5869,0.7434745,0.38079458,3.5863245,0.5655221,13
5870,0.9220933,0.7441726,3.5630825,0.99483967,14
5871,0.009284074,0.647843,3.5962353,0.88815427,15
5872,0.10605309,0.40123358,2.254559,0.55809665,16
5873,0.5784104,0.42802078,1.9931796,0.7616075,17
5874,0.15327337,0.56215763,5.716934,0.5914672,18
5875,0.12084518,0.63984835,2.147068,0.6224514,19
5876,0.06297915,0.71618694,5.177784,0.44369665,20
5877,0.040098734,0.4689642,4.7339144,0.5913447,21
5878,0.43086433,0.74963975,1.6287875,0.7134492,22
5879,0.5630313,0.20165853,2.1698241,0.80704296,23
5880,0.24836878,0.70591533,1.97905,0.48485762,0
5881,0.45897308,0.2383927,2.0604064,0.82961255,1
5882,0.5058711,0.79673016,1.3842533,0.53366584,2
5883,0.30664468,0.05523031,5.3120203,0.6142751,3
5884,4.3680724e-05,0.9405227,4.7945194,0.9393228,4
5885,0.0042121764,0.5989225,3.791597,0.75401473,5
5886,0.00020820781,0.62871504,1.035589,0.6831061,6
5887,0.0076242224,0.39805925,2.7789574,0.80542517,7
5888,0.19600329,0.52098006,4.0203414,0.6625679,8
5889,0.99999464,0.9303041,3.456715,0.50547016,9
5890,0.7596453,0.58110213,2.997956,0.8432228,10
5891,0.026568476,0.034402966,3.460275,0.7296443,11
5892,0.34057724,0.59553504,1.1364542,0.7684864,12
5893,0.011790815,0.37653905,3.3575008,0.6692049,13
5894,0.99511874,0.7128106,3.0657282,0.68353444,14
5895,0.26128832,0.79115593,3.300147,0.6945368,15
5896,0.12127183,0.33144218,3.8163896,0.90182173,16
5897,0.087608784,0.4842464,3.5317163,0.67696905,17
5898,0.71435666,0.5855562,5.3625717,0.6201666,18
5899,0.6513228,0.64497745,3.1991959,0.60584265,19
5900,0.015684623,0.7235959,5.5880184,1.0025655,20
5901,0.21585463,0.34022063,4.084712,1.0985367,21
5902,1.194766e-06,0.5293187,1.5713633,1.1681337,22
5903,0.30738708,0.15405384,1.9299561,0.6016563,23
5904,0.007646116,0.7250653,2.5294037,0.5035952,0
5905,0.011285291,0.42882776,2.2534087,0.8068274,1
5906,0.58059406,0.7560712,0.8123505,0.79574907,2
5907,0.5070364,0.050090782,4.4076033,0.8053961,3
5908,1.9581828e-06,0.86946815,4.0232806,1.1329098,4
5909,0.09236553,0.83773774,1.9655492,0.6823971,5
5910,0.0006246917,0.8848892,1.33689,0.62887406,6
5911,0.43531194,0.5565077,2.8978918,0.7575998,7
5912,0.078863114,0.43363318,4.682064,0.44279113,8
5913,0.035562243,0.83346957,1.5384843,1.1713953,9
5914,0.9457798,0.72053003,4.1836753,0.8503458,10
5915,0.009098625,0.025658252,3.460101,0.4478061,11
5916,0.16367173,0.35927516,0.9259539,0.7022148,12
5917,0.0004560011,0.3665604,2.284988,0.5593345,13
5918,0.8684791,0.7414071,2.7708654,0.5034803,14
5919,0.012484266,0.8100079,3.5407546,0.73732066,15
5920,0.010594944,0.34237581,2.8289616,0.6436116,16
5921,6.9653695e-05,0.7533255,3.0210352,1.0688273,17
5922,0.0023831248,0.3776839,4.74318,0.69121504,18
5923,0.0028542816,0.6314542,2.532455,0.9196407,19
5924,0.00039355422,0.769387,3.8362765,0.78923273,20
5925,0.00077930966,0.5586753,4.3226056,0.91529953,21
5926,0.9088869,0.64146674,1.9223223,0.7673779,22
5927,0.04427622,0.32067275,3.210784,0.5857069,23
5928,0.026356159,0.80479807,1.7946877,0.6856403,0
5929,0.35972866,0.42460412,1.902098,0.5185747,1
5930,0.59279984,0.6578414,1.1010273,0.58137316,2
5931,0.64047605,0.07988121,5.919568,0.96577054,3
5932,0.2912285,0.84881306,4.6174426,0.5988083,4
5933,0.44185418,0.57009864,2.8751159,0.67785406,5
5934,0.76250386,0.99446106,2.0877023,0.723846,6
5935,0.78211725,0.26248357,1.8728619,0.6400186,7
5936,0.06056986,0.5461386,3.7807832,0.5248377,8
5937,0.3150126,0.53823,3.1495514,0.6904988,9
5938,0.60307515,0.56805,3.3212972,0.6834027,10
5939,0.06554243,0.027692813,4.789466,0.5498016,11
5940,0.3805843,0.27731767,1.2163447,0.9687178,12
5941,0.6747915,0.35991982,2.6369,0.6921572,13
5942,0.034212492,0.811664,3.8494682,0.73767376,14
5943,0.116533615,0.8313282,2.7806349,0.6881425,15
5944,0.0019324201,0.18533605,2.921083,0.72606313,16
5945,0.10270102,0.756066,1.9543688,0.59472525,17
5946,0.019934556,0.5080734,4.487344,0.5184714,18
5947,0.84125316,0.82083154,3.105837,0.7331982,19
5948,0.8709904,0.81021464,4.560437,0.761643,20
5949,0.7497481,0.44479194,4.419329,0.8134651,21
5950,0.60993665,0.7354307,1.2235838,0.8594867,22
5951,0.9995591,0.37322047,3.0355563,0.9231865,23
5952,0.87647086,0.46110228,1.6257201,0.37758502,0
5953,0.8972985,0.38639352,1.2216448,1.0938357,1
5954,0.69467765,0.37051743,1.0816586,0.70869154,2
5955,0.16933113,0.061419215,5.434399,0.6876819,3
5956,0.17946166,0.56650937,3.5368648,0.6540942,4
5957,0.8178252,0.7530043,2.4651248,0.5188453,5
5958,0.045539673,0.5998857,1.388159,0.87661856,6
5959,0.063716896,0.46684837,2.4160159,0.83427316,7
5960,0.27878344,0.5636086,4.332188,0.8506519,8
5961,0.98449534,0.22364517,1.6368515,0.6763608,9
5962,0.094768,0.55810326,3.2174478,0.7140699,10
5963,0.5701821,0.025045423,4.503729,0.63295513,11
5964,0.40076068,0.2842958,1.0578061,0.7593707,12
5965,0.000629665,0.48192632,1.9516296,1.1520097,13
5966,0.54113954,0.88278985,3.3825035,0.9882277,14
5967,0.0012271211,0.62758,4.6373744,0.66016006,15
5968,0.91010815,0.35301033,3.731817,0.68069124,16
5969,0.009280864,0.40701494,2.554612,1.1137848,17
5970,0.7544502,0.60538715,3.473307,0.42965922,18
5971,0.0069063297,0.7600426,1.4383211,0.69734216,19
5972,0.021421548,0.44526872,4.852993,0.68939054,20
5973,0.19955166,0.4276931,4.0532093,0.8858207,21
5974,0.012613673,0.74522626,1.8410096,0.9374033,22
5975,0.9591283,0.1806567,2.325765,0.59462506,23
5976,0.105295904,0.5238845,1.795738,0.6654084,0
5977,0.6811321,0.73116606,2.867377,0.48786765,1
5978,0.8974893,0.39063364,0.9458074,0.79963034,2
5979,0.35559326,0.045442417,5.481783,0.63384205,3
5980,0.25888973,0.9352874,4.222995,0.65479517,4
5981,0.051314183,0.7007175,3.9312875,0.9639069,5
5982,0.9051546,0.8225137,0.98466337,0.40442455,6
5983,0.1184177,0.7824625,3.5318394,0.7595838,7
5984,0.01453564,0.4013307,3.2505324,0.6370241,8
5985,0.023519875,0.4024742,1.1044146,1.064122,9
5986,0.43328518,0.5034434,3.261932,0.87938464,10
5987,0.0061061624,0.036823783,4.505277,0.63054353,11
5988,0.46884915,0.7081928,1.8322203,0.8374115,12
5989,0.53102875,0.34919187,3.3235147,0.51564324,13
5990,0.868925,0.83682734,4.1954646,0.84044814,14
5991,0.05276376,0.7369333,4.0585723,0.93419075,15
5992,0.020687459,0.42571378,3.4707463,0.7335309,16
5993,0.038671866,0.58796877,2.9325361,0.6824368,17
5994,0.93538946,0.39664325,4.2697654,0.6016578,18
5995,0.93972856,0.69609404,2.2807972,0.63178945,19
5996,0.15227894,0.69448614,3.4705334,0.5399697,20
5997,0.2984459,0.4062535,3.7351754,0.92404836,21
5998,0.42510134,0.7872298,2.3381732,0.7884283,22
5999,0.041263074,0.50015193,2.7216408,0.8455148,23
6000,0.94049555,0.5825736,2.0493653,0.38826334,0
6001,0.009587101,0.55539644,2.2303352,0.7965901,1
6002,0.10965199,0.5465987,0.5427741,0.68776107,2
6003,0.66462106,0.06295104,4.6142774,0.61831504,3
6004,0.0029875932,0.8360086,4.802861,0.8053552,4
6005,0.3450047,0.56106436,3.147558,0.6241412,5
6006,0.07786163,0.2758467,1.2697791,0.6321393,6
6007,0.43359545,0.31345046,2.196197,0.59451854,7
6008,0.26423132,0.5502071,4.4820075,0.5375769,8
6009,0.2345751,0.6072365,1.270944,0.41861713,9
6010,0.45491254,0.5769462,3.442174,0.61501056,10
6011,0.00083207426,0.02901465,3.8007088,0.59925544,11
6012,0.37010255,0.757594,1.4193882,0.56758857,12
6013,0.00022885509,0.41425568,2.8559475,0.77487856,13
6014,0.04669016,0.8084962,4.4313793,0.69836855,14
6015,0.05220996,0.8998899,3.1199918,0.53289807,15
6016,0.22583567,0.36702684,3.3323493,0.9385258,16
6017,0.802411,0.76784426,3.262274,0.68652403,17
6018,0.6018519,0.43883535,4.5363717,0.5087728,18
6019,0.0015408891,0.7775172,2.7806046,0.91138625,19
6020,0.00029643494,0.66713154,5.7774353,0.7859758,20
6021,0.97346765,0.26294312,3.9901543,0.48327726,21
6022,0.007497228,0.739107,3.0313506,0.855709,22
6023,0.00027204357,0.36300826,2.3645923,0.7351048,23
6024,0.0013774151,0.23767316,1.4505334,0.9542357,0
6025,0.91190267,0.60600406,2.3680396,0.84388226,1
6026,0.5858263,0.40526596,1.3455527,0.9609235,2
6027,0.5071184,0.06872573,4.9075737,0.7008267,3
6028,0.6217539,0.7928551,3.6331582,0.7735774,4
6029,0.9957403,0.82141346,3.9722643,0.4760387,5
6030,0.033052832,0.57432336,1.0672302,1.314394,6
6031,0.015055033,0.51682013,2.6655097,0.6507019,7
6032,0.999521,0.57491,3.7436013,0.510153,8
6033,0.00041714014,0.3600926,1.6578358,0.8943802,9
6034,0.062612645,0.5704224,4.0253835,0.92413193,10
6035,0.19075899,0.025258135,3.1724765,0.79225904,11
6036,0.39185175,0.6957148,1.6247334,1.594784,12
6037,0.02313102,0.46207187,3.5941153,0.70191646,13
6038,0.00406228,0.91713506,3.8741584,1.0821218,14
6039,0.00236148,0.89427936,4.151842,0.6951529,15
6040,0.43020532,0.40186515,3.9761,0.74208045,16
6041,0.0047809887,0.5119019,2.2505083,0.6241637,17
6042,0.25761446,0.4257113,5.6084847,0.6649715,18
6043,0.035386708,0.82421505,1.6579335,0.7690858,19
6044,0.8700054,0.68521184,3.9854028,0.50285274,20
6045,0.98007923,0.39263847,3.6806664,0.62578946,21
6046,0.9845915,0.83634794,1.5560228,0.44149882,22
6047,0.24179468,0.1429418,2.6828098,0.74657524,23
6048,0.0869596,0.86046493,1.6479516,0.7568332,0
6049,0.0026774944,0.34192675,1.7912571,0.7590951,1
6050,0.46411955,0.6571212,1.2343742,0.73936796,2
6051,0.6650834,0.04819115,4.443346,0.777956,3
6052,0.6138291,0.8677627,3.8307679,0.8316337,4
6053,0.07487844,0.83885163,2.833916,0.86156696,5
6054,0.9971192,0.68641704,0.73981375,0.43765074,6
6055,0.08159778,0.3623997,2.0652792,0.6862747,7
6056,0.8627303,0.5830418,5.1232815,0.6568197,8
6057,7.860899e-05,0.8008661,2.0289989,1.1554898,9
6058,0.20178168,0.62524337,3.1541033,0.5934738,10
6059,0.05199194,0.015235881,3.1778455,0.578133,11
6060,0.52412415,0.36947352,1.7776568,0.7349969,12
6061,0.007368106,0.3900784,2.790395,0.59925365,13
6062,0.98842806,0.66209304,3.8198304,0.457358,14
6063,0.87905777,0.8023066,3.3953238,0.848648,15
6064,0.69319755,0.47717577,3.4089584,0.8907393,16
6065,0.029930612,0.4751511,1.9655478,0.581497,17
6066,0.005390396,0.60968024,5.3233356,0.8788185,18
6067,0.297921,0.46042487,1.9054134,0.8604484,19
6068,0.0018557397,0.57056457,2.9987998,0.9167096,20
6069,0.0681156,0.3615823,3.640028,0.69416237,21
6070,0.97953117,0.6776681,1.5357226,0.49008012,22
6071,0.89640754,0.22130989,4.0700116,0.56585616,23
6072,0.43147162,0.6633943,1.9630871,0.6205437,0
6073,0.9893918,0.57596195,2.253363,0.56328064,1
6074,0.42436615,0.6879828,1.0053529,1.1936331,2
6075,0.31319126,0.090635635,4.665208,0.6476084,3
6076,4.7953135e-06,0.8566178,4.080587,1.4417245,4
6077,0.0060729124,0.794958,2.962917,0.8134076,5
6078,0.053408053,0.77492744,1.1493821,0.8556965,6
6079,0.022836896,0.27646548,1.7015805,0.53399897,7
6080,0.46633264,0.32148102,3.8177876,0.77259964,8
6081,0.41165748,0.22312587,2.421237,0.5894799,9
6082,0.020907678,0.60821116,2.891697,0.99717265,10
6083,0.23107667,0.030053131,3.379682,0.4964097,11
6084,0.267004,0.6821716,1.6091642,0.7885196,12
6085,0.017145423,0.35396767,2.2579112,0.957417,13
6086,0.88760644,0.8488237,3.348918,0.94635004,14
6087,8.652365e-05,0.74831086,4.7438326,0.9246348,15
6088,0.00037273736,0.3832316,3.0846426,0.82632035,16
6089,0.9984597,0.41742134,1.7422563,0.49838927,17
6090,0.0009966048,0.51056695,4.710022,0.7489202,18
6091,0.8168583,0.82561827,3.343782,0.8086034,19
6092,0.05316469,0.7286276,5.1207237,0.59957796,20
6093,0.95255977,0.46102306,4.150013,0.7747189,21
6094,0.13724819,0.60140705,2.012744,0.77808344,22
6095,0.8066103,0.30794266,2.4042454,0.8762927,23
6096,0.9965833,0.7219563,1.9793494,0.72851753,0
6097,0.058797374,0.59133935,2.6958342,0.8013902,1
6098,0.5587201,0.78287184,1.0975571,0.5075567,2
6099,0.17108554,0.06398292,5.550857,0.5827161,3
6100,0.81836283,0.80704826,3.9690163,0.99987936,4
6101,0.18477668,0.92692804,3.7575989,0.8331656,5
6102,0.9049627,0.7392292,2.8978853,0.63832635,6
6103,0.4835179,0.27304047,2.3452473,0.5731862,7
6104,0.36232764,0.5128855,4.3701878,0.6295266,8
6105,0.8069438,0.63509357,2.3124983,0.734022,9
6106,0.02412176,0.5050864,2.6823828,0.44344872,10
6107,0.0009447356,0.045156434,3.3157053,0.50588185,11
6108,0.6605739,0.6921205,1.585727,0.80928516,12
6109,0.73197514,0.31575137,2.5008664,0.7720596,13
6110,0.050894573,0.74344224,4.0292006,0.98708165,14
6111,0.8920193,0.8462291,3.3698087,0.63045394,15
6112,0.039554447,0.24682264,4.4266033,0.61499214,16
6113,0.050495457,0.5257991,2.5819087,0.715001,17
6114,0.98248035,0.60638916,3.7282345,0.8207316,18
6115,0.8221634,0.6367937,2.5270545,0.46523535,19
6116,0.23100723,0.7237499,4.532046,0.64614666,20
6117,0.00025761902,0.37457603,2.9790497,0.7719667,21
6118,0.19637467,0.5260162,0.9684676,0.7596246,22
6119,0.2884805,0.19971554,3.3323817,0.43122113,23
6120,0.99038285,0.70726794,3.2873023,0.384814,0
6121,0.36082214,0.46762958,1.7639368,0.6936922,1
6122,0.8344748,0.7783366,1.4384046,0.78836465,2
6123,0.5146837,0.09589705,4.800383,0.97127473,3
6124,0.949133,0.7335668,4.4119654,0.3686951,4
6125,0.069672555,0.73499554,2.808459,1.1684884,5
6126,0.0013013248,0.6497761,2.1347597,0.78582513,6
6127,0.030314777,0.49739286,2.4103017,0.70755076,7
6128,0.62846756,0.35805398,4.946974,0.47126022,8
6129,0.99989295,0.7304858,2.6169367,0.695743,9
6130,0.38013557,0.7137171,4.025678,0.82653415,10
6131,0.32703528,0.018186908,3.9190998,0.5004478,11
6132,0.3518696,0.31747535,1.7118361,0.8359662,12
6133,0.86765015,0.40214524,3.0338216,0.7083238,13
6134,0.032058008,0.67044747,3.6421065,1.019398,14
6135,0.0007040013,0.8184752,4.810266,0.9968922,15
6136,0.26282686,0.47285146,4.4728365,0.7871561,16
6137,0.0955484,0.6727246,2.9319887,0.94513446,17
6138,0.14208809,0.49051586,4.046416,0.8827067,18
6139,0.8057847,0.7829213,2.58138,0.64774877,19
6140,0.957909,0.82859606,4.763373,0.3075348,20
6141,0.00241972,0.4164345,3.2365322,1.010936,21
6142,0.0763786,0.62822956,1.5857303,1.0023164,22
6143,0.021282658,0.2724809,2.356313,0.3907371,23
6144,0.98724335,0.55472124,1.7279208,0.91626954,0
6145,0.14796512,0.47324893,2.1276472,0.74682415,1
6146,0.5305813,0.8057016,1.042835,0.7255167,2
6147,0.28152254,0.061867833,6.318545,0.6218316,3
6148,0.9952075,0.8859226,2.8915877,0.6494937,4
6149,0.21168804,0.80341816,3.2005267,0.8380515,5
6150,0.5236218,0.8563368,1.1099131,0.63433677,6
6151,0.016421376,0.4492888,2.4463542,0.7856822,7
6152,0.08248122,0.26098213,3.4458902,0.575436,8
6153,0.0129040275,0.5741176,1.9819121,0.7944712,9
6154,0.48667958,0.43387282,3.5177011,0.5888243,10
6155,0.15673746,0.028841764,4.4834824,0.70307845,11
6156,0.39351368,0.5165235,0.8369761,0.722554,12
6157,0.98582065,0.35082802,3.0805235,0.5550939,13
6158,0.58664507,0.80354625,4.596767,0.85746837,14
6159,6.553691e-05,0.85117733,4.3667107,1.1804361,15
6160,0.027381316,0.48219094,3.9043279,0.72280496,16
6161,0.041147754,0.43328753,2.3851905,0.7031063,17
6162,0.02173038,0.4728239,4.098422,0.99187446,18
6163,0.9942052,0.78181314,2.167414,0.85680395,19
6164,0.11112468,0.58858216,5.0721903,0.7184333,20
6165,0.4711291,0.40499312,4.20746,0.8818352,21
6166,0.002009119,0.5320367,1.3094089,0.8257402,22
6167,0.32647318,0.19572306,3.2138648,0.6237195,23
6168,0.73076785,0.7215685,2.894087,1.0971141,0
6169,0.60184085,0.4801846,1.9606681,0.5423131,1
6170,0.005651531,0.6661598,1.5372465,0.6509658,2
6171,0.2780902,0.07742792,4.867519,0.70375913,3
6172,0.00030820112,0.90459454,4.157929,0.9675604,4
6173,0.034240767,0.70264506,3.5601053,0.8233499,5
6174,0.09110778,0.8877688,0.69239026,0.499329,6
6175,0.027809786,0.6742328,2.2125633,0.8049739,7
6176,0.6746719,0.42345136,3.7484689,0.54777974,8
6177,0.19330028,0.35126963,1.2985168,0.7298709,9
6178,0.20731556,0.4831395,3.5430202,0.60571337,10
6179,0.07729177,0.038276758,3.3495939,0.5963094,11
6180,0.3342445,0.49580747,1.0985775,0.99917585,12
6181,0.29798284,0.42550835,3.8509588,0.7236599,13
6182,0.824463,0.7805838,4.4599996,0.7562705,14
6183,0.9997789,0.9429865,3.5880768,0.4677969,15
6184,0.9897649,0.45647937,4.0207005,0.60434556,16
6185,0.007380794,0.5434683,1.8336874,0.6979972,17
6186,0.0016014613,0.5146577,4.679027,0.8658969,18
6187,0.1224596,0.88658035,2.386503,0.80095947,19
6188,0.05607142,0.5234936,4.4513454,0.62606347,20
6189,0.95459425,0.4791618,4.29751,0.61849284,21
6190,7.4012976e-05,0.5824486,1.3765111,0.7425969,22
6191,0.14087385,0.39540666,2.3691711,0.71894383,23
6192,0.0004729642,0.69878906,1.5556154,0.65100443,0
6193,0.9615302,0.65272516,2.2967482,0.89250654,1
6194,0.19872783,0.9523659,1.9429721,0.56982154,2
6195,0.59276545,0.048013806,5.1137137,0.7255825,3
6196,0.84612495,0.73203135,3.1748936,0.6149671,4
6197,0.5179733,0.6425741,3.3702543,0.6461624,5
6198,0.99861944,0.8640504,1.1719055,0.7633952,6
6199,0.04113217,0.7124846,2.5092683,0.7075927,7
6200,0.0083238315,0.5232153,2.744689,0.65728813,8
6201,0.00612961,0.7513698,2.7664108,0.68404734,9
6202,0.9196764,0.5088388,3.5351648,0.8293113,10
6203,0.46120158,0.023493841,3.8695874,0.8400509,11
6204,0.29869995,0.3024658,1.2057773,1.0462464,12
6205,0.95624954,0.2496461,2.9291697,0.5691613,13
6206,0.009951488,0.7689926,3.3053846,0.6199058,14
6207,0.030073473,0.9106164,3.2683787,0.9783907,15
6208,3.1331438e-05,0.35899252,2.9686341,0.8829301,16
6209,0.36921754,0.51873153,3.052731,0.69033176,17
6210,0.014003706,0.56354684,5.1363754,0.817731,18
6211,0.026078258,0.71461314,3.4284494,0.8218655,19
6212,0.5012347,0.89648414,3.848001,0.8290268,20
6213,0.0072163306,0.2965383,3.1594586,0.80906534,21
6214,0.0003139913,0.6679112,2.8043623,0.6307703,22
6215,0.83674645,0.19985168,1.9245456,0.74504614,23
6216,0.03487616,0.7974915,1.1547878,0.6859383,0
6217,0.1149799,0.24244681,2.9235759,0.56800205,1
6218,0.24596931,0.22613634,1.3240856,0.9275097,2
6219,0.677706,0.048097394,5.450116,0.679248,3
6220,0.98268914,0.822335,4.0143113,0.6185887,4
6221,0.040960554,0.86678916,3.3797565,0.4654411,5
6222,5.1229655e-08,0.4271746,1.095813,0.88681906,6
6223,0.0067761694,0.3874834,2.2631807,0.782707,7
6224,0.021391355,0.4613707,4.258502,0.5349672,8
6225,0.5895891,0.10296165,1.327489,0.53075457,9
6226,0.50500005,0.5384143,3.9637718,0.5829268,10
6227,0.6794313,0.041646868,4.619293,0.7558399,11
6228,0.51932347,0.748248,2.3175874,0.6419798,12
6229,0.23279403,0.23412937,1.695525,0.4828319,13
6230,0.00052533415,0.79361403,4.588459,0.73956853,14
6231,0.0011784622,0.7952672,4.186021,0.66787845,15
6232,0.91413426,0.38100415,3.8319836,0.5611764,16
6233,0.010310105,0.37460616,2.1757407,0.5891403,17
6234,0.9994444,0.45535055,3.9542558,0.7795057,18
6235,0.26695096,0.6465741,2.2676177,0.57764626,19
6236,0.04958191,0.7394886,3.411586,0.8854935,20
6237,0.15569176,0.33923262,3.921089,0.70537025,21
6238,0.3318687,0.43905765,1.1446692,0.64359665,22
6239,0.9098078,0.35481372,2.9898665,0.6307132,23
6240,0.503068,0.53515935,2.1469927,0.6903429,0
6241,0.14323899,0.4868342,1.944117,0.752452,1
6242,0.10524398,0.52329767,1.3190262,1.0161978,2
6243,0.6226322,0.058758844,5.4248085,0.93492246,3
6244,0.9887222,0.85600126,3.6243792,0.5261149,4
6245,0.71861494,0.85808307,4.106726,0.6092214,5
6246,2.7052452e-05,0.92803174,1.9485309,0.9960752,6
6247,0.58218145,0.4421707,2.247263,0.5687391,7
6248,0.6875747,0.55124295,4.1810174,0.7721082,8
6249,0.98343104,0.6019632,1.8662055,0.67706174,9
6250,0.024896782,0.38816553,3.5099807,1.0059689,10
6251,0.05027019,0.022967711,2.896277,0.43728292,11
6252,0.2696985,0.45986137,1.1423992,0.85222787,12
6253,0.2096637,0.27975678,2.3200045,0.6875089,13
6254,0.018404,0.44286907,3.6140993,0.845964,14
6255,0.19455053,0.7698429,3.7225747,0.779367,15
6256,0.0004912194,0.41161716,3.3206291,0.60267603,16
6257,0.31307897,0.75125945,2.4820294,0.6924879,17
6258,0.15288465,0.62628424,5.793731,0.5934441,18
6259,0.99027133,0.8070142,2.1763544,0.7543374,19
6260,0.006316017,0.6895616,4.574273,0.88849103,20
6261,0.2009908,0.5165339,3.4036102,0.68596774,21
6262,0.0028728968,0.40127262,1.1200445,1.0743148,22
6263,0.3443305,0.39272892,2.2501776,0.6442876,23
6264,0.000590317,0.7529763,1.7390956,1.0286663,0
6265,0.23865275,0.50622886,2.6577485,0.6460575,1
6266,0.0032359832,0.6344294,1.0104668,0.7565549,2
6267,0.4967154,0.07562975,4.9336424,0.9665842,3
6268,0.99829787,0.7633488,4.88683,0.5229887,4
6269,0.14232272,0.7819118,2.8667023,0.5031755,5
6270,0.4757682,0.3708147,0.7774603,0.7695271,6
6271,0.902755,0.42892036,2.2942848,0.8332752,7
6272,0.005084507,0.5582322,5.100987,1.0067978,8
6273,0.066399254,0.5826882,2.2947984,0.80770105,9
6274,0.4447001,0.42939934,3.4501157,1.0040153,10
6275,0.74031186,0.017097374,4.1429987,0.45499417,11
6276,0.19696589,0.7248927,1.6576014,0.8380575,12
6277,0.6180506,0.26057136,2.9913774,0.6555312,13
6278,0.0016985023,0.7360998,3.1386023,1.0247458,14
6279,0.07973462,0.694852,3.0430388,0.6883561,15
6280,0.0031897817,0.30348408,5.1975894,1.0295941,16
6281,0.3963055,0.7222001,3.802637,0.8691342,17
6282,0.910579,0.42640796,4.704762,0.7882961,18
6283,0.031603906,0.56642544,3.0762043,0.7785349,19
6284,0.43480435,0.6022406,4.534906,0.72977984,20
6285,0.022334186,0.46752733,2.959492,0.5978001,21
6286,0.11551703,0.70374554,1.1200215,0.5754812,22
6287,0.7221714,0.38786334,2.693229,0.63816226,23
6288,0.93544513,0.8463528,2.4606645,0.63552713,0
6289,0.20254315,0.40088114,2.4640808,0.6318447,1
6290,0.04688968,0.47166964,1.1805857,0.8784802,2
6291,0.24581045,0.054484386,4.6662984,0.83457875,3
6292,9.292752e-06,0.6889425,4.336843,1.2135158,4
6293,0.36531296,0.8377622,4.122978,0.63840985,5
6294,0.09689265,0.9016415,0.7056904,0.7096804,6
6295,0.0113013545,0.43061724,3.616578,0.5533721,7
6296,0.043176617,0.54606825,3.9491107,0.6561038,8
6297,0.00054079684,0.60838526,1.6995912,0.8742764,9
6298,0.0149508985,0.42659056,2.6816952,0.8031141,10
6299,0.4731536,0.02170452,3.773816,0.7992696,11
6300,0.255417,0.44207484,1.257286,0.85877186,12
6301,0.019367922,0.353071,3.5719988,0.74490935,13
6302,0.105913475,0.7522469,3.7928681,0.81570256,14
6303,0.045645796,0.7524418,3.7105703,0.8849064,15
6304,0.8954374,0.38789287,4.0307198,0.87902033,16
6305,0.807336,0.4630972,2.805823,0.5300247,17
6306,0.029565532,0.60408247,5.625843,0.55011,18
6307,0.5629508,0.7065223,2.431213,0.83744556,19
6308,0.10104357,0.660547,4.059654,0.79911566,20
6309,0.02177534,0.45563647,3.2789574,0.8048841,21
6310,0.01081222,0.41133225,1.0615418,1.1075647,22
6311,0.72341305,0.2645885,1.9602757,1.0578451,23
6312,0.0043716184,0.70318884,2.0319977,0.9571339,0
6313,0.07283262,0.36268938,1.4580986,0.8049929,1
6314,0.7869798,0.8419085,0.5593758,0.61796796,2
6315,0.12662415,0.068268545,4.9812303,0.4206771,3
6316,0.7883564,0.8932869,3.7707582,0.8806043,4
6317,0.0030282668,0.90567744,3.0329723,0.80778,5
6318,0.9389878,0.566171,1.222913,0.4714262,6
6319,0.03613139,0.73696524,2.5556731,0.7319189,7
6320,0.042625673,0.4612928,4.6430583,0.6687602,8
6321,0.99287635,0.54009014,1.5127594,0.79944,9
6322,0.011703655,0.56609553,2.8339436,0.569889,10
6323,0.65587884,0.037081003,3.327651,0.7009793,11
6324,0.6027835,0.28998765,1.4252334,0.9403813,12
6325,0.9480429,0.46490508,2.2414458,0.76196706,13
6326,0.003332254,0.7267206,3.3330922,0.82347566,14
6327,0.020480258,0.84758836,3.8772426,0.48382375,15
6328,0.110430464,0.33415374,3.154533,0.62482065,16
6329,7.735377e-05,0.772455,2.9418607,1.0116153,17
6330,0.017470816,0.53134996,5.1578183,0.46650136,18
6331,0.1043791,0.43938434,2.0612779,0.75126773,19
6332,0.87863815,0.8945612,4.461438,0.3741707,20
6333,0.98853344,0.3805289,3.4788961,0.6546101,21
6334,0.06004644,0.69536096,2.752097,0.6825105,22
6335,0.046664376,0.18998753,3.1060195,0.6936839,23
6336,0.91060746,0.4559263,1.4051985,0.6498302,0
6337,0.082855284,0.471903,2.178485,0.96840835,1
6338,0.24399112,0.24907237,1.0315094,0.7150048,2
6339,0.39451265,0.09870651,6.298699,0.96680427,3
6340,1.3999647e-06,0.78958946,4.0367713,1.3852601,4
6341,0.01773978,0.8885879,2.3254294,0.66528964,5
6342,0.030301126,0.6461333,1.1425724,0.9892953,6
6343,0.0021581992,0.766681,3.1552691,0.58148605,7
6344,0.12105042,0.5219054,4.1166453,0.7392689,8
6345,0.1518158,0.82451653,1.9511534,1.0719632,9
6346,0.9937551,0.4605432,3.0704045,0.7520777,10
6347,0.032694373,0.018500043,3.1823363,0.66544795,11
6348,0.47320575,0.18899164,1.5334837,0.88410807,12
6349,0.1637293,0.4550818,2.8713732,0.8646443,13
6350,0.2517293,0.8507371,3.654398,0.6412635,14
6351,0.013095634,0.8940965,3.2571912,0.62765545,15
6352,0.9640704,0.38935882,3.7783132,0.5087999,16
6353,0.8312202,0.57894945,3.2703555,0.79357755,17
6354,0.019102715,0.48084602,4.067903,1.0474616,18
6355,0.69916844,0.7673795,1.6425793,0.56987506,19
6356,0.0041105947,0.4428671,3.1949546,1.0718327,20
6357,0.06541302,0.50753444,3.6320763,0.5044876,21
6358,0.6355707,0.7593932,1.7110847,0.43958652,22
6359,0.050815903,0.3549844,3.3294177,0.6864978,23
6360,0.0021129367,0.48588386,2.2676353,0.688824,0
6361,0.26374725,0.35218197,2.5510745,0.7831677,1
6362,0.02454191,0.3789052,1.0003383,0.85673577,2
6363,0.72901714,0.06413058,5.714094,0.9711069,3
6364,0.011010969,0.92264795,5.018713,0.9211322,4
6365,0.19711955,0.7894949,4.5634995,0.7697547,5
6366,0.00061387254,0.92205423,1.0421199,1.0000219,6
6367,0.007014568,0.4780719,2.0486183,0.6589956,7
6368,0.017444905,0.44658747,3.0447292,1.1837747,8
6369,0.042329222,0.16912942,1.4670541,0.6050462,9
6370,0.7074229,0.53887886,3.7710543,0.8312387,10
6371,0.026380008,0.049540583,4.167642,0.8698794,11
6372,0.47206685,0.28126526,1.4288383,1.0897641,12
6373,0.0040442,0.2656863,3.0309029,0.55477023,13
6374,0.87935734,0.7434614,4.573424,0.6657683,14
6375,0.0203122,0.83777153,3.9143512,0.88507545,15
6376,0.34373626,0.43124026,3.8360543,1.0008148,16
6377,0.72884816,0.57742107,2.7664206,0.83448136,17
6378,0.9340556,0.4776243,4.8078356,0.485793,18
6379,0.576237,0.9316936,2.9610965,0.8288953,19
6380,0.0062906533,0.8668468,4.0843315,0.83304536,20
6381,0.008393108,0.28465247,3.575745,0.78414094,21
6382,0.008624158,0.45577356,1.5004439,0.80196774,22
6383,0.039023466,0.30375725,2.5479612,0.7160846,23
6384,0.0043092794,0.90022063,1.5441165,0.65471673,0
6385,0.046238016,0.5396999,2.5799944,0.7785917,1
6386,0.5022246,0.68176466,1.7357938,0.78239036,2
6387,0.7032412,0.077940814,6.023948,0.8439248,3
6388,0.003271009,0.71720254,3.8269057,0.7874073,4
6389,0.21629302,0.8427822,3.4596136,0.79960704,5
6390,0.98053384,0.9526647,0.9646103,0.4975425,6
6391,0.029232843,0.7363611,2.47634,0.9717642,7
6392,0.000967491,0.44761226,4.56219,0.6642529,8
6393,0.7111953,0.2818272,2.3180501,0.64253,9
6394,0.57207954,0.65901786,3.5349882,0.8371026,10
6395,0.1724584,0.03289367,4.32228,0.5650799,11
6396,0.34978104,0.4976526,2.0155377,0.79887575,12
6397,0.005463825,0.53196573,3.6041808,0.81747997,13
6398,0.91926664,0.76172334,3.436071,0.5826448,14
6399,0.014545582,0.6886544,3.477142,1.3141502,15
6400,0.4812845,0.30022386,3.9189625,0.72357285,16
6401,0.9982621,0.3479104,2.5414577,0.57482177,17
6402,0.16547883,0.6280402,5.0242715,0.7999176,18
6403,0.03194589,0.6860987,3.1344244,0.7024824,19
6404,0.9917384,0.65723836,4.547612,0.43620318,20
6405,0.03810453,0.46154,3.3538146,0.8672055,21
6406,0.060178414,0.75607455,2.315477,0.68310744,22
6407,0.98098826,0.22200894,3.1956215,0.7204257,23
6408,0.099428535,0.46673524,2.1871045,0.47701097,0
6409,0.20728448,0.7438405,3.1244252,0.8609706,1
6410,0.010360614,0.8530945,1.9556243,0.77491367,2
6411,0.50994873,0.06603486,5.2653055,0.6745314,3
6412,0.293355,0.9603672,4.6426687,0.6800782,4
6413,0.11762659,0.8834568,3.279359,0.5680243,5
6414,0.07670239,0.56761503,1.9394088,0.7840979,6
6415,0.93162304,0.53390485,1.8589046,0.5663631,7
6416,0.0033380808,0.44588673,4.393183,0.96223414,8
6417,0.9950316,0.66340834,2.0874681,0.6679543,9
6418,0.0022209424,0.4816433,3.4132204,0.960936,10
6419,0.019377697,0.041586816,3.4867218,0.78633815,11
6420,0.37487552,0.335583,1.212814,0.6634681,12
6421,0.067083076,0.26886395,2.4320743,0.9443977,13
6422,0.15316072,0.5842086,3.3957076,0.59371394,14
6423,0.2277767,0.85736495,4.472906,0.76014876,15
6424,0.025727585,0.42481378,4.545596,0.5150554,16
6425,0.061364662,0.38487494,2.2442856,0.6454051,17
6426,0.4707024,0.5247405,5.6636515,0.87100446,18
6427,0.47026253,0.6268697,1.6224265,0.6499977,19
6428,0.39408502,0.7476559,3.5860658,0.6902615,20
6429,0.319348,0.38755074,4.0524263,0.5037053,21
6430,0.0049096784,0.72545356,1.5016924,0.8604114,22
6431,0.5230656,0.2812883,2.6018043,0.42482722,23
6432,0.027758306,0.77868176,1.5140319,0.8290849,0
6433,0.6744734,0.652551,2.4587927,0.58630335,1
6434,0.19307633,0.7907687,0.93580073,0.7232046,2
6435,0.27639785,0.08910158,5.5070915,0.7701751,3
6436,0.9958677,0.87274474,5.4365225,0.8244761,4
6437,0.12818694,0.67579216,2.6372526,0.6400698,5
6438,0.9662936,0.87528324,1.0538118,0.75906277,6
6439,0.35882968,0.5042654,1.604482,0.7981923,7
6440,0.9602443,0.40809742,3.9869208,0.5194279,8
6441,0.8674332,0.5602175,1.4095144,1.3070695,9
6442,0.27345714,0.57904387,3.8763566,0.65931153,10
6443,0.16349024,0.022658907,3.342453,0.90306515,11
6444,0.44442546,0.5087586,1.1083753,0.71066445,12
6445,0.1380919,0.34988922,2.2751255,0.7908684,13
6446,0.6257785,0.5582995,3.1995072,0.688794,14
6447,0.84845144,0.7904643,2.5918267,0.5358404,15
6448,0.97718984,0.413105,4.7464724,0.71673423,16
6449,0.97859097,0.6531286,3.5224314,0.4917001,17
6450,0.05018077,0.582287,5.166002,0.65542036,18
6451,0.045346323,0.70865726,2.6548629,0.6435342,19
6452,0.012020357,0.60350305,5.137891,0.7748977,20
6453,0.00044373565,0.41761526,3.1151245,0.7692702,21
6454,0.45465797,0.79774064,2.2232602,0.5216008,22
6455,0.12935142,0.21740095,2.2204807,0.7778549,23
6456,0.9514371,0.7886122,1.5374995,0.56904566,0
6457,0.97697824,0.7460717,1.9715594,0.7115637,1
6458,0.9922464,0.961042,2.1019099,0.654647,2
6459,0.44952145,0.0732042,5.8995543,0.70385313,3
6460,0.014842236,0.9469031,3.6845207,1.1265575,4
6461,0.15368299,0.60045606,3.044349,0.71916133,5
6462,0.023984382,0.38820565,1.1682843,0.82854414,6
6463,0.077427834,0.14447981,1.8076776,1.1474999,7
6464,0.9897942,0.47686997,2.7109528,0.62568724,8
6465,0.00010892038,0.26709187,1.2794584,0.827968,9
6466,0.1431493,0.54856485,3.3866982,0.5872802,10
6467,0.038463406,0.022947859,4.1020255,0.8116177,11
6468,0.70213133,0.32908195,0.8291003,1.0196648,12
6469,0.99964,0.23500645,1.8088926,0.3512104,13
6470,0.12161489,0.6422983,4.1956716,0.7979518,14
6471,0.009285315,0.8725812,5.0870867,0.74971795,15
6472,0.9812872,0.48234487,3.5032306,0.8546456,16
6473,0.08250298,0.68511975,2.72418,0.514595,17
6474,0.35068876,0.557676,4.093128,0.91037387,18
6475,0.6145479,0.56559765,1.915159,0.69293046,19
6476,0.13941081,0.7545766,5.059037,0.67290133,20
6477,0.15534231,0.4206318,4.304778,0.79730725,21
6478,0.007104224,0.51339835,2.4346209,1.7426962,22
6479,0.12973686,0.32709965,2.6590967,0.6259229,23
6480,0.0013030544,0.7270888,2.2120225,0.82008517,0
6481,0.00461641,0.6261812,1.6156471,0.8577658,1
6482,0.6567449,0.12458216,0.9496513,0.6301791,2
6483,0.64605653,0.054889232,4.972308,0.8605158,3
6484,9.669652e-05,0.90658486,4.554547,1.0591414,4
6485,0.9608857,0.61565346,2.8349133,0.68463266,5
6486,0.010146289,0.80855846,1.1944689,0.957393,6
6487,0.68006635,0.3599868,3.1514108,0.82422465,7
6488,0.6089762,0.56814456,3.7355123,0.6916189,8
6489,0.96841943,0.51681066,1.5747486,0.5864561,9
6490,0.008010144,0.59306926,3.6240888,0.5495496,10
6491,0.012991366,0.032309256,2.968451,0.56112534,11
6492,0.4886112,0.6778262,1.4004316,0.67410946,12
6493,0.010238425,0.31632867,2.1528735,0.59155995,13
6494,0.01142109,0.80229676,4.0880737,0.63939387,14
6495,0.75424224,0.87916666,3.6679072,0.7940609,15
6496,0.019606285,0.3179289,4.0179005,0.6310564,16
6497,0.2173852,0.56757605,2.053587,0.674674,17
6498,0.69875616,0.5729251,4.243787,0.49215898,18
6499,0.013438796,0.80962026,1.6795645,0.7038427,19
6500,0.09401097,0.78584546,4.621303,0.68655425,20
6501,0.29098254,0.3959006,3.1509042,0.50241685,21
6502,0.12770826,0.40219444,1.4622469,0.5481677,22
6503,0.9995436,0.23084223,1.9284968,0.6350153,23
6504,0.7746005,0.5268303,1.7587235,0.8025305,0
6505,0.052673463,0.38767573,1.9182625,0.7530054,1
6506,0.25489593,0.583408,1.3544894,0.9203607,2
6507,0.8283522,0.058742903,5.2265353,0.66872525,3
6508,5.0939692e-05,0.5964848,3.7967122,0.96108764,4
6509,0.040274568,0.55641353,2.4248972,0.6017376,5
6510,0.8480059,0.7145254,0.95848584,0.68252534,6
6511,0.20378284,0.2754074,2.3196597,0.56987876,7
6512,0.012839779,0.46177924,4.731123,0.6865099,8
6513,0.9993255,0.7463132,2.4996257,0.77119464,9
6514,0.09004776,0.48199826,3.0722392,0.61710197,10
6515,0.02416905,0.029600158,3.7680826,0.6573972,11
6516,0.48557425,0.49323702,2.0777342,1.2120345,12
6517,0.07122766,0.24977055,3.1057897,0.7220822,13
6518,0.41018066,0.5871003,4.3371162,0.45007557,14
6519,0.5105109,0.7537627,3.156736,0.8122356,15
6520,0.022842122,0.28553694,3.4580112,0.5847003,16
6521,0.8587225,0.6239831,2.8449578,0.6256952,17
6522,0.2105919,0.5609979,5.395342,0.51114196,18
6523,0.90449125,0.8719285,3.590877,0.9672458,19
6524,0.0021100703,0.70325726,4.5824604,0.6766582,20
6525,0.008507465,0.39198825,3.2555203,0.74871415,21
6526,0.003791103,0.54223585,1.293907,0.81057584,22
6527,0.67643934,0.2342538,2.7139244,0.5902008,23
6528,0.32128674,0.8375085,1.8043618,0.7605222,0
6529,0.008811555,0.34738266,1.8069929,0.59902406,1
6530,0.6084925,0.75208694,1.8206849,0.80292654,2
6531,0.5971371,0.0840406,5.7380047,0.7575805,3
6532,0.03056003,0.789652,3.9873405,0.75561255,4
6533,0.097932674,0.78197765,2.9059289,0.8179321,5
6534,1.241119e-06,0.13057148,0.94364846,1.0074332,6
6535,0.024418393,0.3637297,2.0140831,0.77542925,7
6536,0.20133083,0.4480196,3.9753609,0.5725423,8
6537,0.9980981,0.5588105,2.0109587,0.90587187,9
6538,0.039247945,0.53118074,3.7761865,0.9434296,10
6539,0.04865891,0.033104,3.671423,1.0149801,11
6540,0.3350915,0.41315922,3.247672,0.86294883,12
6541,0.22524458,0.2856781,2.4880571,0.842353,13
6542,0.16724893,0.69330204,2.3646257,0.74757546,14
6543,0.11217476,0.7947617,4.8494053,0.6625181,15
6544,0.0001826412,0.25082394,3.3518057,0.7068107,16
6545,0.35614857,0.6824185,2.8120565,0.56494987,17
6546,0.094159156,0.547626,4.2443886,0.7506082,18
6547,0.10356156,0.5113278,2.4751155,0.77335465,19
6548,0.7168834,0.681215,4.1350055,0.6331026,20
6549,0.0006742914,0.36281794,2.9722157,0.9910892,21
6550,0.0021727083,0.89054614,2.9634476,1.118543,22
6551,0.4848494,0.23120567,2.9283013,0.76008356,23
6552,0.93112296,0.89861715,1.6267108,0.51750714,0
6553,0.0048514307,0.8142121,2.145357,1.0549166,1
6554,0.5677276,0.6594094,1.2130675,0.61818,2
6555,0.882575,0.05795801,5.733433,1.0940903,3
6556,0.08401457,0.8858546,4.3936024,1.1642368,4
6557,0.26090974,0.91117287,3.3809578,0.84910005,5
6558,0.044104934,0.2977694,0.8757892,0.90342855,6
6559,0.7481625,0.5728973,2.4314966,0.60637647,7
6560,0.0013038532,0.5165925,4.0436034,1.0585172,8
6561,0.9937919,0.639724,2.1822925,0.78505707,9
6562,0.010912065,0.43049163,3.3582273,0.97147095,10
6563,0.06519114,0.023453694,3.410889,0.87454146,11
6564,0.5325837,0.37124404,1.2750146,0.8547444,12
6565,0.0011225867,0.35905078,3.5517564,1.0166171,13
6566,0.013895916,0.8640206,4.574072,0.8055248,14
6567,4.5008484e-05,0.8332468,3.327092,1.153635,15
6568,0.09050342,0.38335845,4.600505,0.6712835,16
6569,0.41249812,0.6820283,2.6164327,0.9974432,17
6570,0.8867049,0.44378215,3.6666198,0.45175952,18
6571,0.0037214432,0.85997933,3.2934494,0.536577,19
6572,7.578102e-05,0.65519935,5.0551357,0.7933765,20
6573,0.00085028127,0.45179987,3.479464,0.9163678,21
6574,0.9619951,0.65184665,1.5646995,0.49032664,22
6575,0.007937228,0.1945099,3.7401276,0.5674429,23
6576,0.1031233,0.8994054,1.9756354,0.45369625,0
6577,0.95131737,0.4629624,2.1106977,0.49315464,1
6578,0.972764,0.89852375,1.0695549,1.0002575,2
6579,0.5081249,0.048186436,4.6661716,0.771142,3
6580,0.0065168566,0.9436649,4.528375,0.9096707,4
6581,0.07635848,0.91413087,3.4348824,0.6206782,5
6582,0.48636007,0.8115888,2.2236533,0.54052436,6
6583,0.020517334,0.466925,1.9661249,0.93755937,7
6584,0.41727078,0.48868942,3.8151102,0.94264865,8
6585,0.106509626,0.7287831,2.4326239,1.260897,9
6586,0.92388654,0.5351245,2.426054,0.740996,10
6587,0.58957857,0.020168675,3.4680173,1.1167921,11
6588,0.3371383,0.46665007,1.3023825,0.9425237,12
6589,0.048497412,0.2531492,2.448604,0.71810573,13
6590,0.0062226136,0.5095668,3.4018328,0.7501635,14
6591,0.92498046,0.78064686,5.10571,0.7837789,15
6592,0.5253314,0.44422,4.417169,0.5605737,16
6593,2.4323888e-05,0.507169,1.498065,0.8409146,17
6594,0.8797047,0.6294651,4.6883526,0.7097059,18
6595,0.049347233,0.68694705,2.4956992,0.9123503,19
6596,0.0859453,0.78046674,4.681221,0.88289076,20
6597,0.94926333,0.36880136,3.6784937,0.7874136,21
6598,0.9755181,0.8362052,2.3245475,0.4359232,22
6599,0.0007847086,0.34801605,3.8963919,0.6447991,23
6600,0.77105117,0.8805937,1.9430385,0.9294402,0
6601,0.2649339,0.29113027,2.232124,0.6474671,1
6602,0.76807904,0.28329554,0.8715486,0.7573526,2
6603,0.77484703,0.05407003,4.148125,0.9087711,3
6604,0.9981767,0.8417423,3.8690958,0.558467,4
6605,0.033012,0.7120764,2.740293,0.5635078,5
6606,0.00043919918,0.7256507,0.93044066,0.86619747,6
6607,0.200366,0.7120196,2.8161373,0.73395264,7
6608,0.016579092,0.35248503,3.4578207,0.76104695,8
6609,0.88416755,0.5472757,2.1788764,0.7265532,9
6610,0.078860044,0.67326385,3.4890702,0.98173827,10
6611,0.08011728,0.036521364,4.0423756,0.7597209,11
6612,0.42466602,0.33541685,1.2474773,1.1109067,12
6613,0.007362075,0.4204336,2.9151063,0.5016849,13
6614,0.015634606,0.78313047,4.406287,0.9304526,14
6615,0.11906559,0.6866213,2.4333186,0.5809426,15
6616,0.6578374,0.4119048,4.4778466,0.6002295,16
6617,0.9886156,0.6949998,2.3205295,0.98593944,17
6618,0.0010408518,0.5810902,6.437104,0.57456505,18
6619,0.01374742,0.7105199,2.9918466,0.61991525,19
6620,0.033388063,0.6505507,3.167657,0.57702154,20
6621,0.0042682565,0.30041337,4.174481,0.933267,21
6622,0.14849944,0.62949383,1.2182231,0.8362123,22
6623,0.35144863,0.2799987,2.1602063,0.5890148,23
6624,0.07106291,0.78379333,1.5855552,0.95510966,0
6625,0.2468588,0.49356958,1.5807892,0.79388034,1
6626,0.007759343,0.2997047,1.0832056,1.0561255,2
6627,0.23901063,0.058859136,4.5409727,0.9212868,3
6628,0.6135242,0.9446769,4.144294,0.4986587,4
6629,0.3897976,0.8016053,3.1520777,0.6936383,5
6630,2.0694958e-06,0.45299253,1.0719706,0.9274963,6
6631,0.0593164,0.51327336,3.079967,0.5433982,7
6632,0.018228654,0.43747768,4.4932375,0.91925615,8
6633,0.51364756,0.40725446,2.1998358,0.77766067,9
6634,0.17854007,0.6528548,3.8633273,0.61474717,10
6635,0.021985605,0.026433537,3.1987176,0.8814013,11
6636,0.6613715,0.62958246,1.1814612,1.3118483,12
6637,0.012258261,0.32746273,3.4614146,0.5293033,13
6638,0.04950991,0.8906337,3.6738398,0.95127904,14
6639,0.67715687,0.8704083,3.822041,0.44171926,15
6640,0.0013501219,0.39502832,4.060372,0.9840319,16
6641,0.13734494,0.5882288,2.6412983,0.8343911,17
6642,0.013120987,0.4868473,4.647012,0.4188292,18
6643,0.00785013,0.55170363,2.8531523,0.58551824,19
6644,0.061785236,0.59450144,4.208088,0.7593204,20
6645,0.012979045,0.42638975,2.6505213,0.9673962,21
6646,0.6901648,0.71264845,1.454084,0.57671195,22
6647,0.06878258,0.2275801,2.356946,0.8137843,23
6648,0.23509687,0.5695918,1.9425926,0.87379456,0
6649,0.12441112,0.587424,1.9503918,0.74754274,1
6650,0.4884563,0.077159874,2.6954243,1.0867964,2
6651,0.049721424,0.10678428,4.6379375,0.67908764,3
6652,0.9997631,0.9429897,3.4344635,0.50402087,4
6653,0.05562723,0.876385,3.0894666,0.7320018,5
6654,0.6847009,0.84106076,0.6008401,0.5548057,6
6655,0.0006763396,0.2523677,2.323646,0.7747743,7
6656,0.3731949,0.48948145,4.5972934,1.0809083,8
6657,0.73832214,0.71735495,2.0917315,0.6579428,9
6658,0.094013266,0.30886555,3.0377645,0.60436314,10
6659,0.0009052658,0.032981582,3.3692322,0.72391176,11
6660,0.41112497,0.5702422,1.6115913,0.85800683,12
6661,0.46308863,0.44569513,2.8142788,0.8986023,13
6662,0.22399905,0.8893349,3.3603718,0.91955906,14
6663,0.0010107221,0.7521898,3.3124137,0.8037966,15
6664,9.831601e-05,0.36212993,3.3532243,1.3183926,16
6665,0.0046510203,0.30503404,2.1908429,0.8237616,17
6666,0.007955956,0.57041156,5.7213154,0.9041577,18
6667,0.0044276025,0.82401067,2.9205308,1.40298,19
6668,0.20457846,0.7197057,5.547688,0.60561717,20
6669,0.89971006,0.39538595,3.6234431,0.66952235,21
6670,0.037710093,0.7256513,1.8831557,0.7154398,22
6671,0.0035599826,0.17569922,2.97966,0.5745824,23
6672,0.0012354543,0.76920235,2.048548,1.1743388,0
6673,0.4678843,0.25450218,1.7213537,0.55515164,1
6674,0.0015989009,0.35090324,1.0741426,0.77661896,2
6675,0.7266219,0.070248656,5.4958625,0.93985385,3
6676,0.99999464,0.92812663,3.9830673,0.40570676,4
6677,0.0017548141,0.8015855,2.7265813,0.7958829,5
6678,0.9794023,0.7537871,0.78484595,0.6372071,6
6679,0.07716447,0.65411097,2.4500976,0.56647277,7
6680,0.00067504786,0.37358564,4.146361,0.92715913,8
6681,0.00020302083,0.7108652,1.7230498,0.7595794,9
6682,0.72855544,0.5654965,3.6041226,0.60559607,10
6683,0.08187393,0.02407813,3.2866368,0.5423659,11
6684,0.5010189,0.5158856,1.0081888,1.132574,12
6685,0.0017609517,0.42466238,2.3146417,0.7275463,13
6686,0.6381314,0.67422354,2.7808821,0.7354781,14
6687,0.023750484,0.7631593,4.0427284,0.7645846,15
6688,0.024554864,0.41898084,3.832462,0.7527474,16
6689,0.31901523,0.5777942,2.5471628,0.67151374,17
6690,0.85963774,0.59088117,4.4026165,0.9651213,18
6691,0.81144136,0.63995373,2.5686374,0.5101651,19
6692,0.036137484,0.81731147,3.9989665,0.4188959,20
6693,0.11581093,0.49142107,3.2945373,0.91229266,21
6694,0.45396113,0.86483485,1.3578815,0.50589347,22
6695,0.027956128,0.28832853,2.298875,0.5223132,23
6696,1.3774425e-05,0.76741093,2.09775,1.2631923,0
6697,0.8325095,0.37013566,2.1575394,0.6656542,1
6698,0.12599403,0.6178879,1.1478577,0.7233838,2
6699,0.1269376,0.08383761,4.5793753,0.5810989,3
6700,2.1492924e-07,0.7571088,4.555299,1.2301596,4
6701,0.022989383,0.62569875,2.43907,0.5159756,5
6702,0.94341975,0.93565476,1.1499547,0.49245864,6
6703,0.11752633,0.49035838,2.9095283,0.8189928,7
6704,0.0015801408,0.50031096,5.0190663,0.59955424,8
6705,0.1170608,0.36245292,1.8380837,0.7567716,9
6706,0.60837615,0.47748086,3.8846931,0.65633625,10
6707,0.12308218,0.017586503,3.504705,0.5083951,11
6708,0.3312758,0.1768412,1.1884575,1.1660613,12
6709,0.21851465,0.36231425,2.3933878,0.8075863,13
6710,0.13172355,0.3387495,3.0082626,0.82760626,14
6711,0.015588191,0.8387642,4.3787785,1.0388602,15
6712,0.39126503,0.40639275,5.0676193,0.8396218,16
6713,0.8311266,0.83293307,2.5590515,0.70855135,17
6714,0.0008393623,0.62224406,4.214173,0.7030153,18
6715,0.9914522,0.78370124,2.7679396,0.6011894,19
6716,0.30631632,0.7475714,3.4545157,0.7480747,20
6717,0.5161382,0.34212002,3.9214911,1.0339012,21
6718,0.045960825,0.8490216,1.5838867,0.8826797,22
6719,0.5019842,0.12702163,2.0336154,0.5367035,23
6720,0.97400856,0.624395,1.7309735,0.7755103,0
6721,0.044826318,0.3219355,2.48804,0.86288416,1
6722,0.03262544,0.6649824,1.9465024,0.9277106,2
6723,0.20597929,0.07022599,5.831111,0.7330241,3
6724,0.013063498,0.95076036,4.7505226,1.0119531,4
6725,0.082752615,0.6089162,2.8236265,0.77352905,5
6726,0.0054357653,0.67991734,1.0878067,0.9258678,6
6727,0.005840459,0.43782243,3.7721565,0.54209584,7
6728,0.52560866,0.40901724,3.7390819,0.6954628,8
6729,0.030381277,0.21030705,1.5908537,0.5761827,9
6730,0.15375997,0.62004966,2.7236538,0.52784884,10
6731,0.026495019,0.023561819,3.9064,0.62207395,11
6732,0.57366675,0.70309216,1.5458951,0.9089181,12
6733,0.13510585,0.30550572,2.70514,0.77044165,13
6734,0.00068949687,0.58466613,4.705842,0.9223176,14
6735,0.9010544,0.91072243,4.4753304,0.5782774,15
6736,0.03561608,0.37185422,3.250577,0.74974227,16
6737,0.031118432,0.76892835,2.8196607,0.84421504,17
6738,0.53303874,0.53267294,5.1579804,1.0819583,18
6739,0.010275956,0.62416935,2.6673343,0.64342403,19
6740,0.4079953,0.6595055,4.624653,0.37057367,20
6741,0.95967036,0.3685283,4.3587003,0.48160526,21
6742,2.1744938e-05,0.7277445,1.7624476,1.1387119,22
6743,0.068400696,0.29429236,2.7447522,0.80696887,23
6744,0.018341297,0.3447298,2.2271097,0.89255714,0
6745,0.42643198,0.4221383,1.5259609,0.5988173,1
6746,0.9885229,0.935253,0.9539011,0.92975724,2
6747,0.8163541,0.06843632,5.029779,0.67187035,3
6748,0.023884788,0.9239946,3.9885035,0.92127824,4
6749,0.06635025,0.8808924,3.586512,0.6986305,5
6750,0.5441668,0.7885737,1.3454711,1.0911214,6
6751,0.0092049595,0.3814449,1.8256712,1.3414106,7
6752,0.02275809,0.4074564,4.64436,0.7194734,8
6753,0.987765,0.34589112,2.8593817,0.5148899,9
6754,0.7068547,0.544591,3.688358,0.81519216,10
6755,0.88315135,0.025499677,4.267566,0.7417634,11
6756,0.25376597,0.82525694,1.4225252,0.8610909,12
6757,0.067143925,0.43415323,2.6037736,1.2191285,13
6758,0.0021438592,0.6017997,3.7755427,0.9715767,14
6759,0.9619954,0.7813321,2.7879539,0.87729996,15
6760,0.05675248,0.26843455,4.188343,0.46213862,16
6761,0.0011238498,0.49033982,2.4472954,0.7955984,17
6762,0.00392849,0.5965965,5.0944858,0.5633498,18
6763,0.12685701,0.8798406,2.8069592,0.65021074,19
6764,0.0015357565,0.85355216,4.652074,0.73454356,20
6765,0.00083836075,0.32509002,3.1505527,0.803022,21
6766,0.3590501,0.55216324,1.5442541,0.66598797,22
6767,0.0078001814,0.2597423,2.9708166,0.8024671,23
6768,0.6981158,0.69318914,2.6092148,0.8413224,0
6769,0.2887371,0.4981683,2.2028537,0.4577799,1
6770,0.089106165,0.54745656,0.8755944,0.87153244,2
6771,0.11274972,0.09017762,4.5077233,0.8551476,3
6772,0.027842887,0.871109,3.4434552,1.1185803,4
6773,0.13935517,0.84179443,2.6413565,0.50983936,5
6774,0.9997445,0.9295798,0.49082327,0.54703546,6
6775,0.22978005,0.680224,3.0826151,0.5942385,7
6776,0.159495,0.32718346,4.3230877,0.5087936,8
6777,0.4727196,0.5244941,1.3570077,0.9378234,9
6778,0.73025787,0.4357073,3.7385874,0.50823784,10
6779,0.9362079,0.025695734,4.3231764,0.71862864,11
6780,0.36649644,0.46143472,1.1256912,0.6741624,12
6781,0.032681514,0.5264684,3.050562,0.7586503,13
6782,0.09164691,0.7603435,2.173118,0.37752515,14
6783,0.7844618,0.7743255,4.6124625,0.5896606,15
6784,0.22635102,0.40904343,3.6567793,0.9376236,16
6785,0.9999256,0.6246826,2.793646,0.6488428,17
6786,0.76688075,0.5274407,4.2964115,0.62015796,18
6787,0.0106419735,0.7664044,3.2254343,0.6911545,19
6788,0.57320696,0.81564635,4.747324,0.4928248,20
6789,0.20704895,0.2980584,2.9770017,0.99450797,21
6790,0.9998425,0.6461085,1.9033406,0.38253647,22
6791,0.0011540833,0.1445591,2.8825853,0.49696285,23
6792,0.0006817277,0.6369998,1.6818135,1.2198331,0
6793,0.7014264,0.416716,2.7991507,0.6117611,1
6794,0.96802795,0.7455313,0.84668046,0.6598154,2
6795,0.6306219,0.06497561,5.796772,1.1688029,3
6796,0.016398456,0.7544957,4.8659387,1.0731555,4
6797,0.0044920444,0.78217345,2.7265406,0.8584951,5
6798,2.1000528e-07,0.8720043,1.1997166,0.8560639,6
6799,0.5498643,0.27173606,1.7149386,0.4528824,7
6800,0.03204895,0.42849678,4.492051,0.75335324,8
6801,0.009556975,0.52418363,1.8020401,1.1305902,9
6802,0.54310924,0.46257904,3.1811142,1.0159304,10
6803,0.010282855,0.042763148,3.4402761,0.54622865,11
6804,0.5684612,0.8733805,1.9679666,0.8566406,12
6805,0.0016418244,0.40572947,2.6853476,0.68582165,13
6806,0.3301869,0.6846116,3.1124117,0.93839157,14
6807,0.01688982,0.8506062,3.7515876,0.6965989,15
6808,0.00012529187,0.23071405,2.8633764,1.0461705,16
6809,0.9936632,0.5882833,3.064202,0.7046384,17
6810,0.0053807716,0.44656685,4.872157,0.59978306,18
6811,0.0072802952,0.82188684,2.780828,0.8461049,19
6812,0.08606718,0.657766,4.607316,0.7181979,20
6813,0.87197345,0.29820976,4.0631304,0.6252256,21
6814,0.27009174,0.36468855,1.6396405,0.6915727,22
6815,0.0023743324,0.4246734,3.0291865,0.7096029,23
6816,0.4184485,0.7876865,2.8874276,0.75290114,0
6817,0.25618184,0.50926936,2.5509074,0.766533,1
6818,0.6243535,0.51172894,1.0021876,0.58444834,2
6819,0.76610714,0.06321169,5.1571107,0.8628324,3
6820,0.0075872014,0.8182383,2.9745402,0.6224417,4
6821,0.9351332,0.703901,3.285952,0.5569208,5
6822,2.0170557e-06,0.441252,0.88230556,0.64174324,6
6823,0.0055646584,0.31770152,2.1269157,0.6010518,7
6824,0.9953216,0.4774393,3.5861123,0.47927564,8
6825,0.9717955,0.3063076,2.0266395,0.48571485,9
6826,0.004332417,0.6748285,4.0415606,0.66613466,10
6827,0.9630418,0.021822382,4.3895645,0.73330194,11
6828,0.29743895,0.63024795,1.2591667,0.64198023,12
6829,0.00901129,0.3089681,2.4692898,1.1059186,13
6830,0.01634797,0.7442991,2.944899,1.089095,14
6831,0.86120766,0.85334384,5.028791,0.49902645,15
6832,0.95766586,0.3683457,4.366824,0.6596986,16
6833,0.004783755,0.6419681,2.5392299,0.84191924,17
6834,0.62124944,0.53524387,4.8049526,0.4840263,18
6835,0.8482794,0.51685274,2.0470665,0.960299,19
6836,0.018592417,0.73821,5.7190747,1.0410738,20
6837,0.012848014,0.3633344,3.3117807,0.83488816,21
6838,0.014424759,0.656478,2.1226182,0.74883664,22
6839,0.025453288,0.12784207,2.936262,0.5056776,23
6840,0.0043788385,0.7694491,1.019774,0.84626675,0
6841,0.11515858,0.49543175,1.6986889,0.71694875,1
6842,0.5101561,0.44341016,1.2205354,0.8343654,2
6843,0.44208467,0.06835427,3.5837805,0.86102426,3
6844,0.05899354,0.8642789,2.701082,0.46684983,4
6845,0.016230753,0.74309343,3.7692976,0.79444754,5
6846,0.49226192,0.7979305,1.0411679,0.6167004,6
6847,0.21106513,0.53526884,2.922305,0.5703042,7
6848,0.0025344975,0.33003178,5.367177,0.89639056,8
6849,0.39529586,0.57790333,2.2486625,0.5437969,9
6850,0.16178027,0.6044023,2.7647357,0.8319979,10
6851,0.013669817,0.030879576,4.03734,0.82211787,11
6852,0.3134511,0.14774826,1.1471288,0.87545705,12
6853,1.320891e-05,0.25282216,3.0791142,0.7699904,13
6854,0.019761909,0.74419045,2.589716,0.9771042,14
6855,0.08597346,0.7742844,4.203531,0.6705624,15
6856,0.009598349,0.39865187,3.3326223,0.61856675,16
6857,0.10961294,0.4216796,2.0061646,0.8427092,17
6858,0.29688406,0.48157975,4.4960675,0.5681816,18
6859,0.58880544,0.7548686,3.1702793,0.8215604,19
6860,0.041981183,0.5576313,5.834015,0.5954113,20
6861,0.009796653,0.52526593,4.776867,1.0439798,21
6862,0.8752866,0.63565063,1.7974882,0.98133314,22
6863,0.83635265,0.25634655,2.623857,0.56536424,23
6864,0.8976388,0.9029848,2.0383265,0.6196077,0
6865,0.19809452,0.48323923,2.2756643,1.0110154,1
6866,0.3393555,0.91087365,0.8723184,0.76941276,2
6867,0.32615456,0.08829347,3.985159,0.78326875,3
6868,0.0028984863,0.939313,5.1015525,0.7849606,4
6869,0.53509504,0.8745664,3.650144,0.6826954,5
6870,0.09343723,0.57173836,1.5271508,0.61100745,6
6871,0.14657882,0.59120417,2.1979666,0.7531104,7
6872,0.018853283,0.4118542,4.0838346,0.63045096,8
6873,0.038669005,0.2474808,1.8167515,0.6439973,9
6874,0.12992032,0.58296967,3.0384877,0.7064586,10
6875,0.19133204,0.019003026,3.4729257,0.5899535,11
6876,0.5656014,0.63938594,0.7326368,0.9012933,12
6877,0.093224995,0.29473713,3.4192848,0.7834881,13
6878,0.1467111,0.7868041,4.233436,0.5950237,14
6879,0.96345997,0.70592654,3.8998966,0.5477073,15
6880,0.0043795165,0.4934789,3.6827464,0.8450351,16
6881,0.008521739,0.5219453,2.1948524,0.6687372,17
6882,0.971314,0.57688975,3.6363678,0.85944116,18
6883,0.026611006,0.7356241,2.4750297,0.6905453,19
6884,0.06610235,0.6040121,5.241105,0.70912194,20
6885,0.46437237,0.33702433,3.9073677,0.94065064,21
6886,0.021107165,0.68917704,1.4037426,0.8526788,22
6887,0.7864254,0.32056522,2.6814175,0.54289865,23
6888,0.0007619947,0.5123433,0.95323884,0.7208406,0
6889,0.37492552,0.35339978,1.8309073,0.7959405,1
6890,0.10989529,0.52334046,1.4372983,0.75475836,2
6891,0.23618032,0.06362478,4.8336945,0.83063126,3
6892,0.94938076,0.90630376,3.6920352,0.67168117,4
6893,0.99977666,0.68159807,3.3022327,0.5604266,5
6894,0.837246,0.89558434,0.88517433,0.6051556,6
6895,0.46562496,0.55188143,2.7725935,0.8930836,7
6896,0.0017318042,0.45561036,3.2885466,0.68770415,8
6897,0.0015983529,0.26660174,1.7247926,0.78227156,9
6898,0.14233537,0.49027085,2.6983833,0.7052438,10
6899,0.018671319,0.026079306,2.9221134,0.68147427,11
6900,0.33951896,0.5046763,1.9539833,1.0558208,12
6901,0.29561722,0.4059257,3.246426,0.61429185,13
6902,0.036662005,0.5725728,3.0878043,0.63430834,14
6903,0.28241417,0.7535331,2.8391519,0.7979863,15
6904,0.56552565,0.40645966,4.313043,0.6648826,16
6905,0.00063256116,0.56753856,2.799209,0.7568929,17
6906,0.9639883,0.63625497,5.5062227,0.5240938,18
6907,0.37745246,0.79639405,2.996313,0.6775832,19
6908,0.8171755,0.6586145,3.6337204,0.75929666,20
6909,0.59931934,0.3516418,4.1961284,0.89929426,21
6910,0.77198464,0.73914057,1.4101154,0.5695145,22
6911,0.08832845,0.26945063,2.4013398,0.63974947,23
6912,0.9931786,0.92338526,2.323587,0.80981183,0
6913,0.017508704,0.36886063,2.453769,0.59570324,1
6914,0.025263999,0.9155522,1.7572559,0.96716875,2
6915,0.14389056,0.040951844,5.6554728,0.7689954,3
6916,0.59336174,0.92631584,5.21153,0.9915501,4
6917,0.02342789,0.8347766,3.3360672,0.5443805,5
6918,0.9602663,0.794586,0.76191294,0.5273573,6
6919,0.0011001481,0.5534224,1.907991,0.82437253,7
6920,0.9866986,0.5438042,3.6270032,0.9543296,8
6921,0.96077687,0.5657217,1.9924574,0.7205148,9
6922,0.5500316,0.7866076,2.4642906,0.847367,10
6923,0.052155424,0.0143561065,2.9819736,0.5957702,11
6924,0.65026736,0.43925476,1.2297292,0.8357754,12
6925,0.0064143734,0.26802,2.1208456,0.98994976,13
6926,0.06539137,0.81646985,3.430572,0.7770193,14
6927,0.056573603,0.82277143,4.1959243,0.8108853,15
6928,0.5986389,0.5103619,3.5325673,0.71558845,16
6929,0.76956826,0.54631156,1.9765519,0.5128091,17
6930,0.6935058,0.68693656,5.9577036,1.0240611,18
6931,0.96858424,0.83576554,3.2395658,0.63030607,19
6932,0.9870056,0.8134945,3.9131198,0.5758232,20
6933,0.04874372,0.42126906,3.890879,0.71416765,21
6934,0.37681484,0.7333007,2.1705337,0.4039031,22
6935,0.2086445,0.367179,2.1819994,0.5805333,23
6936,0.00015034676,0.65349865,1.7435044,0.95756596,0
6937,0.33488446,0.43362996,2.4522846,0.86400324,1
6938,0.15916711,0.79326487,1.2227275,0.78528166,2
6939,0.562069,0.08451557,5.2705293,0.73936236,3
6940,0.0014413251,0.9027942,4.9640718,0.8157438,4
6941,0.045111585,0.7079836,2.7613637,0.8906329,5
6942,1.039818e-05,0.61192113,1.349776,1.0825824,6
6943,0.17034435,0.23712516,2.074443,0.7259545,7
6944,8.491454e-05,0.36339086,4.379455,0.6488551,8
6945,0.54117703,0.75950384,2.508379,0.8031699,9
6946,0.23507407,0.39894807,2.5887263,1.0635127,10
6947,0.02205129,0.029149245,4.0487723,0.78028035,11
6948,0.2233048,0.6128742,0.84529054,0.9640985,12
6949,0.71487236,0.37527508,2.968885,0.51891804,13
6950,0.38229322,0.73990256,3.9071953,0.65106815,14
6951,0.9790273,0.8445,3.541752,0.44104773,15
6952,0.95729035,0.62136936,4.693213,0.80638504,16
6953,0.7509314,0.58480716,2.5488937,0.84974223,17
6954,0.013942219,0.4217938,4.7923183,0.8033769,18
6955,0.2514149,0.67247045,2.861024,0.7159871,19
6956,0.3036477,0.52589214,4.989123,0.6332905,20
6957,0.037609998,0.37222788,4.641614,0.6625643,21
6958,0.9878555,0.73831904,2.1137233,0.56710863,22
6959,0.37146822,0.3197125,2.650858,0.52199304,23
6960,0.009595974,0.53521186,1.8324275,0.7326138,0
6961,0.00012586893,0.18719743,1.173235,0.8130437,1
6962,0.0059105786,0.56489664,1.3053906,0.75646687,2
6963,0.20233068,0.06096107,5.8223257,0.7145672,3
6964,0.9885544,0.86217755,4.97322,0.5404254,4
6965,0.0034826035,0.70786464,2.292881,1.0986538,5
6966,0.003725073,0.9463327,1.0031447,0.7576598,6
6967,0.120515145,0.5229318,2.3150547,0.6763725,7
6968,0.0055388957,0.42745385,4.0184517,0.73701054,8
6969,0.9401238,0.04270512,1.095739,0.87306356,9
6970,0.39020717,0.56721926,3.6397772,0.8030799,10
6971,0.0044074175,0.028610783,3.4012225,0.79520756,11
6972,0.35124028,0.85056067,1.9612104,0.8692538,12
6973,0.048260804,0.32269934,2.3924499,0.45954877,13
6974,0.19838376,0.7218094,3.5882373,0.97287476,14
6975,5.968399e-05,0.82366264,4.9439363,1.1207877,15
6976,0.09776405,0.3050914,4.034388,0.8298526,16
6977,0.101338215,0.69473034,2.948314,1.0463275,17
6978,0.0016633327,0.5746424,4.7405963,0.8038148,18
6979,0.0033504139,0.65411097,2.8380206,0.74210274,19
6980,0.113700815,0.71634215,4.871277,0.63156986,20
6981,0.49027923,0.37616816,4.222939,0.75584537,21
6982,0.060916122,0.8530199,2.9216123,0.72783625,22
6983,0.008542865,0.30086073,2.4320045,0.4473164,23
6984,0.007568017,0.8382855,2.888681,1.3033681,0
6985,0.0248816,0.3984561,1.2863264,0.824624,1
6986,0.044254176,0.13506617,1.1659093,0.89570117,2
6987,0.6049466,0.06743942,5.269644,0.802634,3
6988,0.0064948783,0.86854273,3.6811864,1.4875534,4
6989,0.049780577,0.6365795,2.5638447,0.82110333,5
6990,0.0009868462,0.7871174,1.4080523,0.8712989,6
6991,0.01313095,0.54448706,2.2506163,0.7736873,7
6992,0.0073413216,0.5762471,4.061826,1.0755286,8
6993,0.37788108,0.6760632,1.7459824,0.89868873,9
6994,0.09451093,0.6509088,3.4143522,0.5695939,10
6995,0.43125188,0.01677914,2.8719363,0.7493882,11
6996,0.25730452,0.5416516,1.2532753,0.84601486,12
6997,0.13029316,0.29994428,2.2433093,1.0425429,13
6998,0.9986945,0.80592,2.5726464,0.6080835,14
6999,0.052531358,0.7816879,4.152032,0.6054766,15
7000,0.023128523,0.3626083,3.2376413,1.0676599,16
7001,0.026918326,0.6197421,3.7120125,0.74958205,17
7002,0.7036379,0.4966525,4.025117,0.72703576,18
7003,0.21049534,0.64314044,1.4762781,0.8163576,19
7004,0.037563074,0.71838874,4.559488,0.63280714,20
7005,0.0011827761,0.41756105,3.7893689,0.72362304,21
7006,0.38934565,0.67980546,1.2217762,0.4626056,22
7007,0.27838916,0.294494,2.2370102,0.8970606,23
7008,0.039338935,0.8603199,1.3477904,0.7988305,0
7009,0.031406604,0.48589072,2.4489815,0.5832172,1
7010,0.5433139,0.21123861,1.3783505,0.7525507,2
7011,0.5978094,0.061402492,5.469446,0.6742269,3
7012,6.1287133e-06,0.84827435,5.544614,1.0640649,4
7013,0.045013852,0.7409924,3.2704818,0.7348995,5
7014,0.008846874,0.8144826,1.3358097,0.7605243,6
7015,0.01089639,0.16697927,2.0136485,0.62484634,7
7016,0.16967224,0.47948498,4.7473965,0.9234259,8
7017,0.68474174,0.5036113,1.2855035,0.83050907,9
7018,0.04455499,0.53339595,2.4153872,0.87596095,10
7019,0.18655865,0.01984488,3.9430594,0.49998236,11
7020,0.17893077,0.57015306,2.064057,0.7302458,12
7021,0.198458,0.41887704,2.2511806,0.7328026,13
7022,0.87825996,0.73138756,3.0479667,0.83043224,14
7023,3.6842863e-05,0.8727487,3.8220217,0.849988,15
7024,0.004356281,0.34823465,4.532379,1.0320339,16
7025,0.85112756,0.6579296,3.0361571,0.6009578,17
7026,0.97483045,0.4338706,4.395604,0.9025347,18
7027,0.014670546,0.6716711,2.3306897,0.7422542,19
7028,0.0079842545,0.6966427,4.584809,0.6770961,20
7029,0.013692208,0.48140267,3.5257955,0.8350707,21
7030,0.0019118986,0.327303,1.5675554,0.7023639,22
7031,0.5622207,0.25997,1.9332669,0.59784544,23
7032,0.020278119,0.60818577,1.7213107,0.8708674,0
7033,0.025736766,0.48156863,1.6358162,0.7517368,1
7034,0.7515477,0.30505934,1.157694,0.601614,2
7035,0.669951,0.06702001,5.682266,0.72066724,3
7036,0.0037837967,0.83264893,3.8496163,0.76725006,4
7037,0.050228167,0.713023,2.8872442,0.91074437,5
7038,9.147376e-05,0.91720647,0.8207432,0.9786487,6
7039,0.119503796,0.6030534,3.1668975,0.7591773,7
7040,0.6342027,0.2854078,4.718778,0.606027,8
7041,0.99399084,0.5868727,2.6605344,1.073281,9
7042,0.9731626,0.53265274,3.2527802,0.5818519,10
7043,0.049484987,0.04343048,3.9810822,0.85045344,11
7044,0.23787299,0.7202993,1.4195467,0.96345776,12
7045,0.017674938,0.3688098,3.3186734,0.5257804,13
7046,0.46537647,0.7523294,3.6556888,0.69512254,14
7047,0.2814105,0.81133217,4.112233,0.91272986,15
7048,0.2965619,0.5014959,4.434168,0.80344766,16
7049,0.017059432,0.5619172,2.169119,0.57675254,17
7050,0.8544623,0.69609195,5.3916044,0.6600145,18
7051,0.10946418,0.5262343,2.57581,0.8136353,19
7052,0.6538957,0.6959141,4.850179,0.5366344,20
7053,0.49533218,0.47937456,4.5344963,0.9261043,21
7054,0.0043590716,0.4609458,2.3200128,0.9929073,22
7055,0.3147355,0.36236143,3.458177,0.56076777,23
7056,0.0010318928,0.49581802,1.8973095,0.88556683,0
7057,0.1753366,0.4152565,1.9705174,0.72287905,1
7058,0.07188215,0.49445108,0.74131066,0.7966478,2
7059,0.30855814,0.06585494,4.854931,0.6397783,3
7060,0.9601484,0.8982182,3.828739,0.9867125,4
7061,0.44633892,0.77067316,2.9388118,0.6008264,5
7062,0.17933126,0.8586699,1.2819761,0.51559633,6
7063,0.3214458,0.49600694,2.655985,0.7542619,7
7064,0.043765295,0.48239583,4.7743664,0.693635,8
7065,0.001446509,0.5599184,1.8161364,0.9810588,9
7066,0.012357709,0.34374133,2.7974176,0.78645736,10
7067,0.68984604,0.020956442,3.5480335,0.67091644,11
7068,0.4401551,0.5563916,0.9942215,0.9522935,12
7069,0.0556951,0.36834875,2.8510213,0.68078464,13
7070,0.89057374,0.72114253,4.137061,0.732393,14
7071,0.99586535,0.693019,2.8719988,0.724184,15
7072,0.0023745697,0.38164204,2.2581534,0.91844106,16
7073,0.0065568653,0.6234683,2.7498507,0.8808675,17
7074,0.10498359,0.43587855,5.469185,0.3583489,18
7075,0.0032554609,0.34077573,1.284528,0.8646102,19
7076,0.89759475,0.7819793,5.6497593,0.4199073,20
7077,0.037699245,0.3760074,3.740157,0.9045317,21
7078,0.22545364,0.64948875,1.4286424,0.73813164,22
7079,0.9074706,0.2532888,2.727426,0.57935756,23
7080,0.028276512,0.6529547,1.0506811,1.077592,0
7081,0.25149196,0.23274985,2.1404939,0.6420755,1
7082,0.0014598478,0.34172365,0.8951762,0.5557958,2
7083,0.27878654,0.08000802,5.254093,0.68864197,3
7084,0.00030842744,0.9106669,4.9334335,1.1226718,4
7085,0.945215,0.818304,3.7207227,0.6177945,5
7086,0.99162793,0.9231153,0.64808774,0.4519573,6
7087,0.17716461,0.39484724,2.39366,0.8954963,7
7088,0.0631174,0.32212877,5.102047,0.4682548,8
7089,0.0009325387,0.4479283,1.6611916,0.8373464,9
7090,0.05875258,0.5255478,3.1397343,0.61144954,10
7091,0.42188102,0.02759697,3.9912562,0.69312453,11
7092,0.59120756,0.4654804,1.1103324,0.7328026,12
7093,0.0009987635,0.3144283,2.3573637,0.8947735,13
7094,0.13642746,0.7628026,3.207524,0.7824544,14
7095,0.014725937,0.7066115,4.3987823,0.97448194,15
7096,0.62274736,0.44284227,3.6343527,0.8299489,16
7097,0.002467382,0.4300564,2.2877762,0.83645785,17
7098,0.29244813,0.52255076,4.6748695,0.88669235,18
7099,0.1512475,0.5209148,2.11148,0.58697164,19
7100,0.027632931,0.6487187,3.4896111,0.86261976,20
7101,0.89594626,0.300484,4.503172,0.82948685,21
7102,0.16786812,0.7751316,1.6788774,0.5430905,22
7103,0.16188851,0.14702451,3.3290677,0.85383,23
7104,0.017811704,0.80135757,1.9295038,0.68504226,0
7105,0.13132711,0.19961917,2.399502,0.76480657,1
7106,0.33882135,0.75631845,2.0911663,0.5634142,2
7107,0.2900546,0.0506938,4.8712363,0.6316232,3
7108,0.0006645445,0.90162885,4.7345552,0.7322418,4
7109,0.6180711,0.7490635,3.0868945,0.39552397,5
7110,0.9941917,0.7635388,1.4936649,0.7938045,6
7111,0.26854682,0.64350325,2.6672978,0.5762877,7
7112,0.056214813,0.50236845,4.0967755,0.80820924,8
7113,0.9981158,0.6830547,1.4843578,0.81794846,9
7114,0.88320845,0.55679834,4.4478984,0.5769951,10
7115,0.09736414,0.018283987,3.5991728,0.49373305,11
7116,0.56590915,0.7923466,1.8158938,0.9878925,12
7117,0.0008011314,0.46883136,4.179316,0.90675163,13
7118,0.19362754,0.84047484,4.4121747,0.87510633,14
7119,0.98514754,0.6281078,4.024788,0.8166063,15
7120,0.027161438,0.49315014,4.1235547,0.6832883,16
7121,0.1431686,0.5006837,2.114113,1.0030193,17
7122,0.99802446,0.48467022,4.298513,0.6599819,18
7123,0.085239336,0.7768172,2.980421,0.80924654,19
7124,0.97579736,0.57509947,3.0178232,0.63219297,20
7125,0.70936054,0.37969282,4.283172,0.5818122,21
7126,0.0024537598,0.7847507,2.3274012,0.8252715,22
7127,0.12594382,0.29863667,2.7542753,0.42807117,23
7128,0.82709575,0.45113486,1.8383782,0.3653668,0
7129,0.003027658,0.581775,2.2351725,0.7683101,1
7130,0.26584515,0.6757209,1.2712798,0.7092393,2
7131,0.7655453,0.05869589,5.4864054,0.7892152,3
7132,0.9592593,0.9179288,4.904625,0.7247757,4
7133,0.18529578,0.771417,3.032525,0.64992917,5
7134,0.2489547,0.43154278,1.0262189,0.7285372,6
7135,0.14359689,0.4702794,1.8336227,0.76695675,7
7136,0.6112803,0.46234813,4.708006,0.62317926,8
7137,0.55326647,0.6086772,1.8382316,0.8557969,9
7138,0.7919353,0.5942076,3.2340903,0.64186513,10
7139,0.0362131,0.019910956,3.1240833,0.63618374,11
7140,0.41638124,0.58193165,1.2004122,0.7297064,12
7141,0.062440034,0.2919627,2.4165835,0.59528893,13
7142,0.06041625,0.6422647,3.150702,1.089339,14
7143,0.36517146,0.8524581,3.769085,1.1394545,15
7144,0.58351123,0.37598407,4.0854816,0.47777593,16
7145,0.021379694,0.67563117,2.7121246,0.51428616,17
7146,0.0024202564,0.52665216,4.8298388,0.6710803,18
7147,0.02963226,0.84430027,3.0549402,0.8791524,19
7148,0.52645606,0.59616804,3.4317944,0.4860512,20
7149,0.7457238,0.4554983,4.8863273,0.82667977,21
7150,0.93804455,0.51907057,1.8591778,0.6852346,22
7151,0.09022393,0.18193081,2.1380508,0.78030175,23
7152,0.0012603633,0.8094746,1.8784958,1.5953983,0
7153,0.44588095,0.2692943,2.0414178,0.7390195,1
7154,0.026744299,0.28607908,0.794571,0.8250466,2
7155,0.28599766,0.085124366,5.1485176,0.77728593,3
7156,0.47006294,0.7417482,3.376711,0.65029,4
7157,0.81427246,0.84376884,3.6507053,0.58098394,5
7158,1.8764575e-05,0.59595114,1.1222646,0.604609,6
7159,0.6730803,0.45919383,2.2809658,0.72786844,7
7160,0.0005041206,0.56387776,4.258031,0.8560717,8
7161,0.079220586,0.46754313,1.9368427,0.65263844,9
7162,0.023353782,0.45446596,3.892685,0.55269676,10
7163,0.18635927,0.028715502,4.0934277,0.70278704,11
7164,0.687109,0.6450994,1.2739964,0.9569526,12
7165,0.67059886,0.32875776,2.0062776,0.7764289,13
7166,0.019286903,0.5403009,4.6037345,0.6215234,14
7167,0.74828464,0.7532708,4.1601763,0.671481,15
7168,0.9087953,0.40326858,4.0241475,0.5714262,16
7169,0.085127264,0.47286242,2.2331965,0.5099632,17
7170,0.60729,0.5100181,3.3626578,0.9121231,18
7171,0.27434945,0.79269356,2.060512,0.91026276,19
7172,0.050433695,0.68275416,4.1219788,0.7046094,20
7173,0.06167374,0.45998406,3.8069465,1.2187899,21
7174,0.01313464,0.4181758,1.5896537,1.0940531,22
7175,0.90157044,0.29923084,2.543697,0.5753635,23
7176,0.9999945,0.56647927,2.1266375,0.68115836,0
7177,0.026408901,0.2510341,2.158005,0.6123428,1
7178,0.069375165,0.5061599,1.4908887,0.9277251,2
7179,0.6684022,0.065490045,6.7504954,1.014572,3
7180,0.015158851,0.8497827,5.44074,0.86941564,4
7181,0.35608312,0.5177259,2.4945111,0.5723388,5
7182,0.99983084,0.77531517,1.7344513,0.6947852,6
7183,0.006546648,0.37121078,1.8986338,0.6522297,7
7184,0.0009011453,0.32622227,4.262087,0.67024004,8
7185,0.16919261,0.82792115,2.239707,0.70682526,9
7186,0.08727448,0.40902194,4.883883,0.8771229,10
7187,0.07018027,0.025592038,3.9760537,0.5644759,11
7188,0.56417966,0.82902104,1.1919744,1.0414976,12
7189,0.004882544,0.35285565,3.0908272,0.7191637,13
7190,0.17632498,0.63608867,3.3250544,0.9618592,14
7191,0.013940351,0.7567161,2.5553706,0.7017826,15
7192,0.0008931775,0.45994988,3.4815357,0.6171838,16
7193,0.0032812997,0.6455119,3.2572362,0.96908605,17
7194,0.0015198449,0.6410436,5.4962234,0.7128303,18
7195,0.029253569,0.59229827,1.6255507,0.63240236,19
7196,0.0034119827,0.7582668,4.277505,0.6941735,20
7197,0.20940335,0.4157564,3.530351,1.0087304,21
7198,0.5202525,0.8046052,1.1381016,0.49853382,22
7199,0.58295524,0.3399846,2.1453075,0.6912738,23
7200,0.02093,0.5887764,1.5164948,0.5393486,0
7201,0.057835925,0.47662947,3.0078516,0.873582,1
7202,0.02544346,0.58923405,1.0973353,0.89379996,2
7203,0.7116237,0.07080307,5.1135488,0.9637418,3
7204,0.9999379,0.83505976,3.5442898,0.37830043,4
7205,0.08530195,0.6342138,2.8147225,0.5670681,5
7206,0.9910794,0.78054607,1.6269964,0.6458593,6
7207,0.74701476,0.6568779,1.991104,0.67434466,7
7208,0.0026782919,0.42446318,2.8742166,0.7715159,8
7209,0.10588958,0.70347315,3.2906315,0.5415572,9
7210,0.0003541447,0.67403555,3.6778064,0.47943902,10
7211,0.010628089,0.039653536,3.6214848,0.6784663,11
7212,0.6822305,0.7739351,1.0654383,0.7009498,12
7213,0.16910724,0.3609307,2.5631788,0.8165251,13
7214,0.034753766,0.85444903,3.5524268,0.8973729,14
7215,0.0061323266,0.74678725,3.0235841,0.67448103,15
7216,0.17427416,0.3810893,4.7804446,0.5712313,16
7217,0.0068003424,0.68088543,2.526897,0.88375235,17
7218,0.062181495,0.6247517,5.2635574,0.6032491,18
7219,0.13668108,0.8717535,3.4762049,0.743886,19
7220,0.08105348,0.8004263,5.3432255,0.7283794,20
7221,0.67942345,0.41870266,4.2193127,0.9341442,21
7222,0.013878813,0.6109218,1.7489064,1.1998024,22
7223,0.24033964,0.18584585,2.795768,0.84909254,23
7224,0.86394316,0.6646685,1.9008297,0.49671736,0
7225,0.7645336,0.2830106,1.6077545,0.70257956,1
7226,0.84127814,0.7491749,1.6618966,0.7477485,2
7227,0.7073673,0.045677554,4.387864,1.0990064,3
7228,0.00074091187,0.86502975,3.8248684,0.8372954,4
7229,0.8897481,0.8822648,2.4104366,0.6513207,5
7230,0.049810108,0.6893681,0.7177414,0.7793461,6
7231,0.085105136,0.4136198,2.450844,0.8409804,7
7232,0.9770412,0.6185374,4.468364,0.6922873,8
7233,0.106234744,0.57747144,1.6295784,1.0368555,9
7234,0.00036218864,0.5776795,3.289839,0.7703588,10
7235,0.010950959,0.020938927,3.019893,0.5021185,11
7236,0.4707311,0.34501818,1.4676669,0.80254924,12
7237,0.8069146,0.15393747,2.6857054,0.793153,13
7238,0.27065867,0.70522165,3.8327982,1.384021,14
7239,1.1660982e-06,0.6816308,3.0863676,0.89735144,15
7240,0.56071055,0.37690014,3.9090335,0.5649266,16
7241,0.0543406,0.41896793,2.749555,0.9590819,17
7242,0.01895225,0.52301836,5.5276794,0.52940506,18
7243,0.03608931,0.8146961,2.314221,0.99865496,19
7244,0.79197586,0.7049082,4.243861,0.78073496,20
7245,0.0077706696,0.36699423,4.005228,1.5179104,21
7246,0.7001329,0.86590517,1.6981353,0.73920065,22
7247,0.07981591,0.2072929,2.2939875,0.87109447,23
7248,0.10182959,0.34719676,1.8187135,0.68339586,0
7249,0.07056622,0.47803164,2.2840307,0.49504793,1
7250,0.34375912,0.057419892,0.62502176,0.6494873,2
7251,0.24080642,0.07181868,4.708841,0.7107392,3
7252,0.26666093,0.8237408,3.7690578,0.8081814,4
7253,0.08623106,0.73098445,2.7148674,0.50385624,5
7254,0.0011687474,0.5370219,0.80713636,0.6092177,6
7255,0.20832461,0.8350134,3.895373,0.86366045,7
7256,0.93440586,0.4126507,3.8572145,0.55490726,8
7257,0.36506128,0.5564881,2.149826,0.5469639,9
7258,0.31834263,0.5044215,2.4622338,0.50619173,10
7259,0.55567247,0.03082859,4.5720487,0.6726882,11
7260,0.31995392,0.333184,1.6468138,1.1094998,12
7261,0.016788425,0.28783798,2.9332762,0.93605256,13
7262,0.97008926,0.78718925,4.1403675,0.551896,14
7263,0.9846053,0.83648646,4.1481404,0.8369316,15
7264,0.011813199,0.3952612,3.7010727,0.7019682,16
7265,0.9923579,0.5896997,2.7858648,0.75405633,17
7266,0.9929523,0.5212524,4.6684,0.5091542,18
7267,0.78059703,0.43360516,1.9351051,0.7080902,19
7268,0.5757512,0.7101139,4.27322,0.44287318,20
7269,0.4349926,0.3250099,5.348338,0.86973953,21
7270,0.12058696,0.72214544,2.1679316,0.8695079,22
7271,0.027459692,0.37991136,3.1110394,0.79466397,23
7272,0.45567626,0.70579296,1.8119739,0.8011863,0
7273,0.2794233,0.4491506,3.2039235,0.7430237,1
7274,0.9389071,0.81589586,1.8522825,0.57646847,2
7275,0.90194356,0.06459853,5.604153,1.0058136,3
7276,0.8341778,0.8128828,2.357494,0.5202734,4
7277,0.13640626,0.69857144,3.9204965,0.9639853,5
7278,0.123352915,0.90438443,1.7032812,0.8446852,6
7279,0.29113635,0.25861752,1.9087422,0.76197684,7
7280,0.054549526,0.6425292,4.5015173,0.78656983,8
7281,0.11433132,0.79009616,1.3532441,0.6302817,9
7282,0.060330767,0.48181227,2.3023374,0.6960648,10
7283,0.007820668,0.030266115,3.1787326,0.7956516,11
7284,0.5423925,0.63911396,1.3016201,0.79161495,12
7285,0.06408675,0.44261762,3.1624343,0.7429724,13
7286,0.4788904,0.8228388,3.8382053,0.6992866,14
7287,0.05755486,0.7227056,2.6836658,0.72072417,15
7288,0.016394434,0.48092613,2.602449,0.5032189,16
7289,0.99135923,0.46244842,1.6838993,0.5010687,17
7290,0.00018244209,0.4043228,5.56075,0.7074967,18
7291,0.010240774,0.3602759,2.7541957,0.7863578,19
7292,0.017752614,0.7395094,4.000854,0.6138705,20
7293,0.25901982,0.4633066,2.9335384,0.71459925,21
7294,0.8885537,0.7655235,1.7634046,0.84611917,22
7295,0.7524884,0.16344078,1.7381693,0.783936,23
7296,0.0036605627,0.50594515,1.4755143,0.8513081,0
7297,0.6293349,0.35265395,1.4169548,0.7877981,1
7298,0.34866235,0.49045035,1.2662114,0.8004493,2
7299,0.5138225,0.050701633,4.7657757,0.9083554,3
7300,0.006393529,0.8411368,4.248503,1.1894437,4
7301,0.053094454,0.79174906,3.219306,0.54574317,5
7302,6.0720313e-06,0.056658387,0.7212847,0.7899786,6
7303,0.03241036,0.5128899,1.7237829,0.9219905,7
7304,0.0005681601,0.49795997,4.920351,0.78749156,8
7305,0.07986404,0.4684962,2.0517058,1.0142084,9
7306,0.2680759,0.4055584,2.2658823,0.69543386,10
7307,0.2815201,0.015891964,3.0107367,0.5091175,11
7308,0.33628404,0.18092667,1.166312,0.786033,12
7309,0.00091510266,0.30641997,2.6842163,0.4830585,13
7310,0.29776672,0.7520229,3.6688013,0.7715916,14
7311,0.9996692,0.9003863,3.2367435,0.5029247,15
7312,0.028396117,0.4746487,2.8635383,0.5883326,16
7313,0.0011759228,0.5170425,3.575193,0.7047148,17
7314,0.013521624,0.45501897,5.261627,0.6849014,18
7315,0.11100427,0.29907137,1.190029,0.6140358,19
7316,0.32156518,0.48614365,4.67989,0.52221245,20
7317,0.7871698,0.48262358,3.8473492,0.5066408,21
7318,0.22765288,0.66056323,1.626793,0.65654254,22
7319,0.8583572,0.10037863,2.360835,0.60080266,23
7320,3.2139757e-05,0.70011586,0.90945,0.9348016,0
7321,0.2212546,0.3865599,2.0071902,0.55477756,1
7322,0.40091777,0.94010377,0.9988613,0.53139347,2
7323,0.35364294,0.08610826,4.5469813,0.93638015,3
7324,0.077768035,0.84018576,3.574387,0.562274,4
7325,0.010741601,0.7522947,2.5095482,0.83526677,5
7326,0.96166986,0.96398944,2.2021418,0.8903534,6
7327,0.09408955,0.7063903,2.8651223,0.6521583,7
7328,0.46801472,0.37987715,4.2395964,0.44069093,8
7329,0.14441258,0.87962353,2.5137377,0.5601765,9
7330,0.8246193,0.4782167,3.2341404,0.6446796,10
7331,0.038867764,0.033349104,3.6875682,0.67262113,11
7332,0.22696167,0.49843693,1.8954296,0.8761755,12
7333,0.99789053,0.3831703,2.5354939,0.59934163,13
7334,0.0009453565,0.6833351,3.255568,0.75136673,14
7335,0.2746128,0.8517103,3.2067654,0.45603883,15
7336,0.057217855,0.23520888,3.5241194,0.38356456,16
7337,0.9983588,0.63418704,2.9191937,0.6034864,17
7338,0.00029301253,0.52442735,6.5072327,0.887126,18
7339,0.00016089568,0.48400143,2.1899407,0.8426527,19
7340,0.66837853,0.6861217,5.5423565,0.4061454,20
7341,0.09870084,0.29108688,3.6039968,0.66725504,21
7342,0.012464699,0.7763814,1.7683285,0.9794221,22
7343,0.06559848,0.14598288,2.6150205,0.6002229,23
7344,0.00060013647,0.5562205,1.6306926,1.1516159,0
7345,0.15061828,0.5130572,1.8499167,0.69944495,1
7346,0.18285026,0.62813216,1.2147999,0.6403023,2
7347,0.7592866,0.04327237,5.6979837,0.8097813,3
7348,0.74148715,0.72271097,3.487055,0.67451483,4
7349,0.010998291,0.821614,3.4129887,0.685572,5
7350,0.93045443,0.71083033,0.9045083,0.7605519,6
7351,0.0007706474,0.5517704,2.7334476,1.079941,7
7352,0.38919824,0.4145414,4.3712096,0.809099,8
7353,0.06333663,0.7222127,1.7139053,0.76711327,9
7354,0.0430888,0.6346157,4.4065914,0.66475475,10
7355,0.1635388,0.04230889,3.8539324,0.7855591,11
7356,0.36219916,0.73955196,2.5165484,1.6770706,12
7357,0.8854295,0.30747843,2.7133844,0.7254565,13
7358,0.8731796,0.71008945,2.6906586,0.8289301,14
7359,0.99572206,0.851069,4.0047617,0.55083317,15
7360,0.15347321,0.4012837,4.6248026,0.79502577,16
7361,0.86735463,0.6965426,2.247474,0.5372594,17
7362,0.89458305,0.61939,3.5964262,0.83844787,18
7363,0.5374796,0.8473795,3.308122,0.8574741,19
7364,0.56314915,0.564584,4.0660825,0.55523956,20
7365,0.5265292,0.53785115,3.960389,0.67614114,21
7366,8.149305e-05,0.42096597,1.9237334,1.0634845,22
7367,0.9268713,0.26236558,3.8626366,0.58238465,23
7368,0.9996618,0.43873793,1.3698668,0.33141765,0
7369,0.7218319,0.37745014,2.5307508,0.6192286,1
7370,0.009022795,0.2044903,1.1936417,0.7827926,2
7371,0.21476306,0.072493725,5.757735,0.53239906,3
7372,0.3135728,0.83424133,4.345403,0.8822669,4
7373,0.8204863,0.9403244,4.125489,0.6718651,5
7374,0.0031737343,0.944898,1.3884184,0.7797613,6
7375,0.045397565,0.57124585,1.846723,0.8016574,7
7376,0.9842037,0.23539072,3.2040465,0.8276361,8
7377,0.07587508,0.5933671,1.615838,0.77099496,9
7378,0.005346414,0.5116424,3.5383072,0.79045475,10
7379,0.036811814,0.026955731,3.7845488,0.60327363,11
7380,0.2738597,0.49637544,1.3464737,0.9622102,12
7381,0.23498887,0.40199074,2.7684047,0.6440893,13
7382,0.023908975,0.65499425,4.318499,0.91367894,14
7383,0.0019449542,0.8047129,3.4019337,0.9371408,15
7384,0.06960086,0.3659068,4.1063538,0.7394097,16
7385,0.0970542,0.5884368,2.8181708,0.7756089,17
7386,0.0023328997,0.5569652,4.580797,0.83370596,18
7387,0.034583613,0.9225623,2.6853476,0.7378789,19
7388,0.8637292,0.7078368,3.9742608,0.7174406,20
7389,0.6369991,0.32821232,4.2901025,0.99556756,21
7390,0.020571563,0.74372786,1.1106504,0.715086,22
7391,0.006433636,0.37198377,2.9529927,0.7917712,23
7392,0.023279138,0.7014736,1.8324218,0.6919605,0
7393,0.07388181,0.7706034,2.9495547,1.061533,1
7394,0.45985103,0.5670431,1.5534054,0.72460675,2
7395,0.50693095,0.08173094,4.591057,0.846881,3
7396,0.9745028,0.8619752,4.30424,0.5118391,4
7397,0.11756716,0.80087996,4.049303,0.6248374,5
7398,0.7098361,0.5762854,1.5653127,0.5534584,6
7399,0.37738848,0.54554427,2.3168082,0.7689073,7
7400,0.013831728,0.43504116,3.8588347,0.9520832,8
7401,0.8904,0.21070251,2.2326674,0.6206594,9
7402,0.03243988,0.46761578,2.2051277,0.6113482,10
7403,0.016238049,0.023651497,3.064746,0.7500001,11
7404,0.30794832,0.68963075,2.3699834,0.87071747,12
7405,0.24328254,0.39568645,2.827289,0.8472958,13
7406,0.9451037,0.8882964,4.2020335,0.63223755,14
7407,0.36501923,0.8678067,3.6490898,0.5184767,15
7408,0.7510894,0.42323086,4.2775493,0.38493723,16
7409,0.17176585,0.6532599,2.769488,0.7202197,17
7410,0.18750075,0.6856445,6.5100884,1.0517411,18
7411,0.0043022507,0.53542894,1.9122005,0.816906,19
7412,0.0037717063,0.7501605,5.7182026,0.76513326,20
7413,0.19512698,0.4364841,3.9553494,0.9148163,21
7414,0.0032497488,0.7245201,1.2216811,0.9146936,22
7415,0.106686756,0.2911311,2.4101999,0.62156105,23
7416,0.2888127,0.18475993,1.1437331,0.698376,0
7417,0.6239727,0.4239782,2.9440389,0.6687692,1
7418,0.11961525,0.61136055,1.3882048,0.4995047,2
7419,0.6890727,0.0677808,5.949971,1.1684301,3
7420,0.8837636,0.68155015,4.552874,0.67786014,4
7421,0.25437817,0.5816811,2.7731333,0.7588686,5
7422,0.9999937,0.93192023,1.2609571,0.74436635,6
7423,0.22366658,0.5900193,2.1329694,0.45614356,7
7424,0.60841584,0.38821763,4.205529,0.46160775,8
7425,2.5043494e-06,0.61235434,3.0005326,0.9009645,9
7426,0.9890604,0.6729327,4.009013,0.5596791,10
7427,0.2628318,0.018020477,3.16803,0.6583763,11
7428,0.09950211,0.57458806,1.6751016,1.0272084,12
7429,0.94126815,0.3372564,2.1429195,0.6155785,13
7430,0.34870756,0.5779478,3.6336672,0.8285322,14
7431,0.00017091335,0.78406173,4.0401535,0.77253485,15
7432,0.31419623,0.4055393,3.2742593,0.6877056,16
7433,0.9484871,0.42724487,1.8244431,0.66762125,17
7434,0.6627163,0.41610634,4.3212867,0.55941904,18
7435,0.1492405,0.75817657,2.8104928,0.76586187,19
7436,0.4257408,0.6231152,4.4026213,0.5880962,20
7437,0.101826705,0.4072861,5.186174,0.7647846,21
7438,0.0048109717,0.8518225,1.4441084,1.0256417,22
7439,0.109146796,0.5344118,2.8946757,0.7628964,23
7440,0.0013712895,0.79927075,2.1811385,0.70399576,0
7441,0.98281133,0.4896752,1.7499099,0.6135843,1
7442,0.16992721,0.5147809,1.0535814,0.90247107,2
7443,0.5325769,0.08201256,5.3792453,0.9191166,3
7444,0.00015369614,0.78118104,3.8366745,1.1341803,4
7445,0.63784975,0.7438043,2.4919376,0.7409224,5
7446,0.33510122,0.8807482,0.9227377,0.7810187,6
7447,0.17386691,0.45945802,2.5501559,0.9283578,7
7448,0.03244356,0.48065084,4.7974906,0.65766746,8
7449,0.96355116,0.26821682,1.2963853,0.59397805,9
7450,0.019726347,0.53774375,1.9482244,0.8762468,10
7451,0.23010872,0.041776296,4.600857,0.7246889,11
7452,0.5776435,0.62323314,2.4489214,1.0778995,12
7453,0.057422716,0.38479373,3.8593414,0.832039,13
7454,0.0006574888,0.89763564,3.7712383,1.2497295,14
7455,0.0026801748,0.71438533,3.3720553,0.87812436,15
7456,0.13210043,0.3446089,3.33638,0.69783914,16
7457,0.02605335,0.41817042,1.6293551,0.6808647,17
7458,0.8023678,0.5191154,4.096653,0.8851355,18
7459,0.002309305,0.5237552,1.893604,0.70784247,19
7460,0.11074862,0.6248116,4.84522,0.58026063,20
7461,0.0027304434,0.3184258,3.0130646,0.81197864,21
7462,0.06869147,0.6503682,0.86561143,0.86718863,22
7463,0.7655251,0.4667999,2.7809224,0.82170457,23
7464,0.08896855,0.8837125,1.9919269,0.88856107,0
7465,0.16936405,0.6856353,2.6961036,0.60878956,1
7466,0.9251932,0.686208,0.84726787,0.6294125,2
7467,0.43932202,0.06205635,4.479489,0.6603807,3
7468,0.0016186668,0.83516437,2.907596,0.8513547,4
7469,0.25235197,0.7691841,2.496597,0.93908733,5
7470,0.6259786,0.88188875,0.94834536,0.7265646,6
7471,0.11546675,0.5649385,2.2878761,0.4512382,7
7472,0.2902251,0.499113,3.4237144,0.6758076,8
7473,0.8584168,0.48575842,1.6513457,0.7101531,9
7474,0.82545096,0.60717416,3.8447065,0.7766085,10
7475,0.61354977,0.036388796,3.7558198,1.0589516,11
7476,0.44504866,0.6363707,1.743676,0.880919,12
7477,0.6750955,0.41122136,2.7776635,0.57712317,13
7478,0.021737475,0.6640996,4.265862,0.7071591,14
7479,0.046075772,0.81175125,3.7417924,0.7411491,15
7480,0.05942028,0.4539394,4.2203665,0.6524272,16
7481,0.5725749,0.6626196,1.7009956,0.93310446,17
7482,0.86454105,0.41890287,4.5494733,0.51732785,18
7483,0.010536948,0.6808412,2.6289237,0.7923257,19
7484,0.00064149406,0.7349081,3.859717,0.8937892,20
7485,0.16653262,0.42803842,2.795498,0.71269906,21
7486,0.4821248,0.58109,1.5522821,0.8433894,22
7487,0.15116176,0.2176366,2.6297302,0.4561705,23
7488,0.139616,0.55823666,1.9386393,0.8170303,0
7489,0.10121454,0.30458134,1.115129,1.0077219,1
7490,0.2660071,0.8745905,1.6729605,0.85847133,2
7491,0.7900826,0.046633705,6.3526626,0.60944885,3
7492,0.19076017,0.86096734,5.7584867,0.83072716,4
7493,0.027429827,0.84675205,3.104013,0.68789595,5
7494,0.05737722,0.7648598,0.52906936,0.886798,6
7495,0.9461259,0.54062533,1.4694462,0.7741437,7
7496,0.0010242425,0.4704101,5.2286463,0.5045772,8
7497,0.065477915,0.30171132,1.4106642,0.6451369,9
7498,0.038121495,0.55602574,2.5346737,0.89207983,10
7499,0.016352748,0.016364964,2.821755,0.63952744,11
7500,0.38428524,0.6661791,0.9602108,0.7292458,12
7501,0.008583318,0.3571833,3.3584576,0.6069427,13
7502,0.9501855,0.8080275,3.4369895,0.59223825,14
7503,0.9985442,0.7979861,2.879181,0.6302499,15
7504,0.002794972,0.49665228,3.358056,0.9037436,16
7505,0.00033602523,0.63752604,3.2190773,0.7611579,17
7506,0.092689745,0.47152856,4.7492175,1.0653187,18
7507,0.019737165,0.59859514,2.9781866,0.97810555,19
7508,0.010612653,0.755469,4.625716,0.7768332,20
7509,0.027704151,0.3668358,4.3316016,0.87516874,21
7510,0.0051919217,0.59535,2.3698373,0.980962,22
7511,0.81511,0.2109479,1.660036,0.576796,23
7512,0.23736848,0.59349865,1.9531283,0.60876447,0
7513,0.07379861,0.4546817,1.6984905,0.5605756,1
7514,0.8416581,0.54781234,1.3699498,0.7784217,2
7515,0.467815,0.0688069,5.921659,0.8992735,3
7516,0.5290345,0.917658,3.9862256,0.6948483,4
7517,0.43546057,0.5016873,3.4813282,0.49832624,5
7518,0.3284268,0.63277864,1.1597954,0.82600003,6
7519,0.08776696,0.35685307,2.7498188,0.81964964,7
7520,0.061973296,0.6337593,4.230619,0.8369803,8
7521,0.017939905,0.5774496,1.8085763,0.745579,9
7522,0.9230236,0.6321651,3.1694775,0.5096983,10
7523,0.022978857,0.02173923,3.2510085,0.67573905,11
7524,0.3007243,0.18818928,1.0897986,0.77648294,12
7525,0.0029245855,0.51206344,3.6065168,1.0117342,13
7526,0.0031008744,0.56480736,2.3958526,0.81842035,14
7527,0.75982666,0.84251344,4.3152814,0.51655006,15
7528,0.42089155,0.31649855,3.4088807,0.73216736,16
7529,0.95230025,0.6693279,2.900715,0.5568173,17
7530,0.06553926,0.560572,5.776901,0.6768343,18
7531,0.7573386,0.7925043,2.2762897,0.60110545,19
7532,0.001119534,0.84782904,5.3810673,0.74704194,20
7533,0.21351363,0.39981416,2.9013376,0.90553975,21
7534,0.17624718,0.68444854,1.8786635,1.2109046,22
7535,0.0244549,0.31926543,2.729069,0.6930214,23
7536,0.02019528,0.8315941,2.1361425,0.7025025,0
7537,0.009951428,0.37416884,2.2493503,0.73745584,1
7538,0.9571218,0.9350044,1.2304885,0.9926956,2
7539,0.81948245,0.04460922,5.199845,0.86013913,3
7540,0.05343864,0.9080634,5.176249,1.0720347,4
7541,0.012241443,0.82832754,2.945753,0.61491776,5
7542,4.0461586e-05,0.62465966,0.84542304,0.7256893,6
7543,0.8468203,0.36776945,2.2757628,0.6641627,7
7544,0.0022883138,0.51115036,4.4242706,0.9032121,8
7545,0.062673405,0.70068246,2.263522,0.9648851,9
7546,0.043045137,0.58474946,3.0074275,0.6113065,10
7547,0.0706287,0.018527167,2.7113104,0.6789217,11
7548,0.44135725,0.50199646,1.3098066,1.1075398,12
7549,0.02255069,0.29684854,3.1134715,0.6786587,13
7550,0.96011335,0.7667873,3.250362,0.7621192,14
7551,0.85720026,0.8982527,4.301569,0.42800134,15
7552,0.38215452,0.3721841,4.0346394,0.54976696,16
7553,0.0088307625,0.58393675,2.3865895,0.78314745,17
7554,0.021538293,0.4151,4.7305374,0.65558344,18
7555,0.9572626,0.47246924,2.6121764,0.5135104,19
7556,0.49990895,0.8467651,4.233146,0.4581352,20
7557,0.0033125314,0.28600746,2.9646297,0.84241265,21
7558,0.0024898506,0.65718895,2.0198016,0.83821887,22
7559,0.9993954,0.1845614,1.7189087,0.96180654,23
7560,0.00044072664,0.6952571,1.4066136,1.024171,0
7561,0.04313233,0.43692058,2.2971592,0.71678215,1
7562,0.8667798,0.9493753,1.0224278,0.8783454,2
7563,0.1480671,0.08908294,5.0406365,0.9256338,3
7564,0.0007857379,0.9366758,5.7210965,0.9931881,4
7565,0.18328825,0.6683929,2.5277543,0.6223599,5
7566,0.9968528,0.48060408,1.051893,0.81764257,6
7567,0.020538801,0.21668227,2.4847908,0.73524356,7
7568,0.11704989,0.406344,5.128341,0.4403083,8
7569,0.001699807,0.5282921,1.4589025,1.5812029,9
7570,0.81241226,0.5170888,3.2701702,0.68822634,10
7571,0.013038089,0.05026171,4.248831,0.6078471,11
7572,0.3777182,0.41330293,1.3237236,0.8173534,12
7573,0.81396616,0.2645582,2.2444675,0.6084342,13
7574,0.008460711,0.7292243,3.838174,0.86590743,14
7575,0.8402817,0.8609533,3.9582298,0.4289725,15
7576,0.027443493,0.3578597,2.7188177,0.685581,16
7577,0.056933448,0.6143373,2.5372064,0.9048057,17
7578,0.8618062,0.59764796,3.7378047,0.56511676,18
7579,0.9895578,0.59949577,2.8525732,0.7110163,19
7580,0.4318773,0.34338307,3.0957854,0.4757806,20
7581,0.92935747,0.36603156,4.30787,0.7487967,21
7582,0.9983846,0.71852344,2.2612076,0.40949973,22
7583,0.80526406,0.20699586,2.5519004,0.7956309,23
7584,0.3445742,0.75174314,2.199013,1.1713372,0
7585,0.80223155,0.39077654,1.595924,0.88104963,1
7586,0.63480604,0.88687,2.2624102,0.56435055,2
7587,0.90167063,0.03429175,5.201185,0.5055809,3
7588,0.19095248,0.7758216,3.5915031,0.6058962,4
7589,0.1011671,0.73958737,2.06276,0.3924744,5
7590,0.9989492,0.5728788,1.234541,0.73043734,6
7591,0.07318671,0.63988143,1.9532716,0.7411882,7
7592,0.005050753,0.58871895,4.2127285,0.69837874,8
7593,0.17393015,0.60738564,2.8064594,0.77051353,9
7594,0.07664459,0.43231004,3.3323357,0.92361754,10
7595,0.051302627,0.03345595,3.8128498,0.82396,11
7596,0.34413558,0.35273618,1.4055158,0.87340045,12
7597,0.15411505,0.5011617,4.067306,0.57119894,13
7598,0.6459933,0.34406608,2.9906778,0.78072935,14
7599,0.16339958,0.68821645,5.105172,0.8704644,15
7600,0.13602845,0.4234726,4.3816104,0.86088264,16
7601,0.63869065,0.43579248,2.3363023,0.71805537,17
7602,0.00085819786,0.5038344,5.143153,0.72992176,18
7603,0.0031369017,0.8265565,2.3196342,0.6903595,19
7604,0.55073106,0.77901393,3.501474,0.53732806,20
7605,0.0079022655,0.34463578,4.005211,0.92292523,21
7606,0.015433143,0.51089233,0.75498664,0.889045,22
7607,0.9274019,0.3123827,1.6339611,0.65302557,23
7608,0.4487604,0.97831386,1.3514978,0.4621734,0
7609,0.03527324,0.4629218,1.6571543,0.85058755,1
7610,0.9200112,0.9725238,0.91835856,0.59957635,2
7611,0.69301313,0.07932822,5.4305882,0.86040026,3
7612,0.9712225,0.9695544,4.130185,0.45875043,4
7613,0.9339555,0.6427211,2.5630057,0.53662264,5
7614,0.96912944,0.38925093,0.8091054,0.84198165,6
7615,0.0337798,0.40705046,2.8455222,0.69073486,7
7616,0.8810016,0.60068226,3.835145,0.85519737,8
7617,0.03957597,0.6813774,2.6459842,0.58457386,9
7618,0.18143742,0.4215892,2.6777925,0.7614613,10
7619,0.45666882,0.021712722,3.7305725,0.73166203,11
7620,0.29191276,0.20845552,0.9659969,0.7674723,12
7621,0.00061141956,0.24667235,2.4553807,1.2709043,13
7622,0.6985467,0.70400584,3.8770816,0.84981745,14
7623,0.01577247,0.86835605,3.686414,1.007024,15
7624,0.1065971,0.43193758,3.4377897,1.382255,16
7625,0.00026868796,0.60753924,1.8944488,0.78035957,17
7626,0.043609448,0.6435845,4.703668,0.73525673,18
7627,0.26258612,0.7820459,2.6651177,0.9388446,19
7628,0.0012321608,0.8226081,3.9643555,0.9147689,20
7629,0.29304326,0.35342145,4.5703263,0.4926176,21
7630,0.7585172,0.26121095,1.9010638,1.0394492,22
7631,6.2639316e-05,0.378211,2.1106372,0.9238093,23
7632,0.0004273317,0.7726886,2.0839996,0.8156874,0
7633,0.81706786,0.3950921,1.5701754,0.5590339,1
7634,0.08136761,0.52539897,0.81648505,0.6368151,2
7635,0.6145525,0.056024693,4.040572,1.318611,3
7636,2.8061984e-05,0.79494303,5.4185967,1.1013526,4
7637,0.10309702,0.49835783,2.743479,0.6582948,5
7638,0.3966023,0.9086307,1.717691,0.716225,6
7639,0.01596336,0.11412787,2.0540223,0.9254766,7
7640,0.009527587,0.53987116,3.849102,0.53283805,8
7641,0.9134883,0.6168873,3.0873494,0.8175279,9
7642,0.18482289,0.5946002,3.8376727,0.9971137,10
7643,0.018301662,0.021127203,3.3507822,0.59643996,11
7644,0.59821284,0.5580792,1.6047778,1.0621527,12
7645,0.06378031,0.36435825,2.465019,0.8035134,13
7646,0.43064898,0.6787691,4.2258797,0.6126893,14
7647,0.011493295,0.85039395,3.1506138,0.8301823,15
7648,0.19203016,0.4206321,4.3344746,0.8772869,16
7649,0.9684284,0.6380882,2.818418,0.9110364,17
7650,0.0012557099,0.6219093,5.4643564,0.64897263,18
7651,0.2731385,0.42353493,1.6352847,0.63672173,19
7652,0.065214545,0.8012896,5.3090935,0.59695905,20
7653,0.08714324,0.48410603,2.9426475,0.62446004,21
7654,0.0002494434,0.89324427,2.2995808,0.91013396,22
7655,0.0002763138,0.19760133,3.4325504,0.489113,23
7656,0.9073914,0.7671717,1.8524754,0.52338946,0
7657,0.45491728,0.15709007,2.2936068,0.49172038,1
7658,0.22076371,0.7141588,0.9466961,1.1235955,2
7659,0.736265,0.056236297,6.3293223,0.65418154,3
7660,0.8450648,0.949443,4.0533924,0.6682185,4
7661,0.16656752,0.64808375,3.3805661,0.5364694,5
7662,0.3972358,0.4240777,1.094292,0.88421834,6
7663,0.1595866,0.16228187,2.4690099,0.69433224,7
7664,0.87784743,0.6059203,3.9249518,0.83715945,8
7665,0.26208994,0.6059016,1.7617457,0.70382303,9
7666,0.5736183,0.6067543,2.2525268,0.8503607,10
7667,0.0838743,0.027851447,4.084055,0.79270995,11
7668,0.27280322,0.6273549,1.6602613,0.7815203,12
7669,0.07910967,0.2445325,2.5142035,0.47627693,13
7670,0.020864312,0.5710145,3.179594,0.6183413,14
7671,0.98728776,0.8202214,3.5979989,0.59801346,15
7672,0.04825073,0.4436112,4.533259,0.6374663,16
7673,0.07510466,0.67616147,2.9276547,0.43150562,17
7674,0.15526246,0.57851076,5.186013,0.702607,18
7675,0.02245731,0.78121156,2.284886,0.92951393,19
7676,0.0013143796,0.7904918,4.1232667,0.8224127,20
7677,0.09002422,0.4435325,4.4977636,0.81465966,21
7678,3.1876305e-05,0.4251723,1.4578856,0.95628405,22
7679,0.19351852,0.30027512,2.4336152,0.5252806,23
7680,0.0018462068,0.6380615,1.9517372,0.7064306,0
7681,0.017093271,0.45273593,3.0680094,0.6203388,1
7682,0.9169241,0.9227956,1.2381934,0.6640793,2
7683,0.49010846,0.045920204,5.275441,1.0447273,3
7684,0.18394974,0.9231919,3.4589686,0.6063759,4
7685,0.02112967,0.6289572,3.2090683,1.053546,5
7686,0.6009611,0.81450844,0.91107935,0.479337,6
7687,0.4738247,0.55094546,3.219592,0.68002605,7
7688,0.764361,0.39713898,3.5105107,0.57639575,8
7689,0.46479118,0.49278447,1.8949431,0.55659026,9
7690,0.8097993,0.72402877,3.535063,0.71436054,10
7691,0.008420905,0.035772454,3.3357038,0.5062443,11
7692,0.5405783,0.7316725,1.2500488,0.97375774,12
7693,0.9994543,0.29772568,2.978631,0.68012124,13
7694,0.033466645,0.6484632,2.8490927,0.8561445,14
7695,0.8607112,0.8612212,3.5058346,0.68312407,15
7696,0.6025395,0.25460088,3.451393,0.75717854,16
7697,0.55154276,0.688179,2.71311,0.89032114,17
7698,0.013924329,0.5201532,4.1291685,0.6197777,18
7699,0.017436331,0.8116635,4.353545,1.0030875,19
7700,0.04949225,0.8350901,6.4902344,0.4555946,20
7701,0.011347219,0.37032932,3.1266487,0.86918,21
7702,0.99560416,0.8390393,1.6276989,0.41542488,22
7703,0.018045079,0.4888667,3.5916016,0.712397,23
7704,0.07821784,0.46341947,1.7987919,0.8193057,0
7705,0.08891423,0.45133248,2.2510161,0.7260514,1
7706,0.9441408,0.7539127,1.4698555,1.051716,2
7707,0.5063568,0.061270457,4.9103546,0.8144856,3
7708,0.58767086,0.85529363,2.9257326,0.5394794,4
7709,0.014756789,0.85440445,2.8783104,0.8688811,5
7710,0.037779134,0.7157636,1.4581683,0.8045534,6
7711,0.5755199,0.42468193,1.6608,0.4634449,7
7712,0.7157926,0.5948953,4.0972724,0.59390223,8
7713,0.108438656,0.71703756,1.9546623,0.5992753,9
7714,0.44631195,0.5334062,3.286806,0.59187835,10
7715,0.030821767,0.03294789,3.7273622,0.5639894,11
7716,0.6059634,0.5969134,1.8124725,0.82621396,12
7717,0.0043716244,0.23809141,2.2589471,0.5698423,13
7718,0.5666699,0.7313223,4.1839194,0.76042944,14
7719,0.99988794,0.90942764,3.5789962,0.42616907,15
7720,0.087868564,0.4323698,5.128758,0.5606494,16
7721,0.26920214,0.761114,2.2659495,0.68921894,17
7722,0.00017307416,0.5341785,4.22354,1.0161203,18
7723,0.022696156,0.6157561,2.6044943,0.8004153,19
7724,0.68238825,0.7586357,5.320535,0.49192107,20
7725,0.27054068,0.4238859,4.0322404,0.6611329,21
7726,0.025509005,0.7106947,2.2460132,0.6147612,22
7727,0.87282705,0.17748055,2.2583442,0.5655031,23
7728,0.011603201,0.5093498,2.2835402,0.7779852,0
7729,0.08960332,0.28947952,1.4982874,0.7213793,1
7730,0.8714153,0.619982,0.83448887,1.0028318,2
7731,0.41946974,0.049663488,5.3894973,0.82814324,3
7732,0.000111142246,0.7874007,4.112804,1.0068302,4
7733,0.3095068,0.7298545,3.4960814,0.41804317,5
7734,0.0007114876,0.5442093,0.5394812,0.7013376,6
7735,0.025669103,0.17685127,2.5352824,0.5857112,7
7736,0.004976257,0.3551132,4.225007,0.8364293,8
7737,0.0022232155,0.24356888,1.0463612,0.9404215,9
7738,0.4870303,0.4729422,2.4550214,0.8481485,10
7739,0.031949203,0.015388401,3.3242586,0.4994826,11
7740,0.41247436,0.79884386,1.3296995,0.7631895,12
7741,5.1705138e-05,0.391269,2.7134898,0.9091772,13
7742,0.05160571,0.7273583,3.9362564,0.92910576,14
7743,0.713547,0.7028167,3.8092904,0.57916486,15
7744,0.93855566,0.3440503,3.8549309,0.5479255,16
7745,0.077574395,0.5667429,2.4618375,0.8253569,17
7746,0.07295945,0.66746247,4.1101937,0.52998835,18
7747,0.74171823,0.6943945,2.612398,0.68281007,19
7748,0.70606005,0.68066245,5.307029,0.845042,20
7749,0.056911126,0.35711765,4.2873716,1.1720116,21
7750,0.00011620731,0.5868556,1.205459,0.8004347,22
7751,0.0002042787,0.26389557,3.761104,0.545036,23
7752,0.2606937,0.8809011,1.2778945,0.54206747,0
7753,0.57862246,0.44178125,2.1369627,0.7863203,1
7754,0.1649783,0.75290537,1.7110696,0.59296435,2
7755,0.27063316,0.08487111,4.0541472,0.80975914,3
7756,0.004850701,0.85544705,4.344366,0.99506164,4
7757,0.009116272,0.75144345,3.6312592,0.81851447,5
7758,0.003077549,0.709306,0.77070385,0.679476,6
7759,0.86019254,0.2106896,2.5957708,0.8226257,7
7760,0.20592143,0.4341871,5.040303,0.581941,8
7761,0.9715145,0.6204263,1.4259266,0.57945246,9
7762,0.0075290543,0.59871304,3.1331408,0.6717434,10
7763,0.52048033,0.031095166,3.505087,0.8501965,11
7764,0.47292268,0.34824127,0.93179333,0.99398994,12
7765,0.025616767,0.42590812,2.5577946,0.8979862,13
7766,0.513895,0.6037733,3.828707,0.6282052,14
7767,0.00034710133,0.63299173,3.6000311,1.0059316,15
7768,0.066963874,0.46891347,3.4236321,0.712055,16
7769,0.008923201,0.4066769,2.2426062,0.7119748,17
7770,0.2891395,0.48583275,3.9453216,0.7269279,18
7771,0.3691275,0.77556187,2.439327,0.66284007,19
7772,0.26878238,0.7846154,6.412523,0.9265418,20
7773,0.12661995,0.35101786,4.122042,0.8041011,21
7774,0.00021994226,0.5940096,1.2985152,0.7797906,22
7775,0.948123,0.27469352,2.663354,0.5513667,23
7776,0.0015619813,0.6859607,2.846104,0.832411,0
7777,0.83295447,0.6584212,2.5088649,0.85121304,1
7778,0.01771351,0.20940037,1.3772657,1.1230102,2
7779,0.5299702,0.05558471,5.8815904,0.66993237,3
7780,0.027401118,0.8743201,4.323597,1.1791421,4
7781,0.024130069,0.771212,2.734746,1.0659434,5
7782,7.266347e-05,0.30289942,1.6161649,0.9113023,6
7783,0.4162333,0.51431996,3.2111173,0.5625088,7
7784,0.8360365,0.37169752,4.2536106,0.6487824,8
7785,0.27503777,0.21727759,2.1019957,0.80270123,9
7786,0.1324026,0.41747543,4.540191,0.5750758,10
7787,0.32516688,0.028236488,3.307023,0.59661496,11
7788,0.4702697,0.42167515,1.0458158,0.8865571,12
7789,0.007910734,0.27752942,2.0210752,0.7049005,13
7790,0.8934651,0.8968529,2.9916372,0.4832016,14
7791,0.29583386,0.8613647,3.1824965,0.7484572,15
7792,0.44633466,0.32654354,3.9212027,0.78230524,16
7793,0.7386874,0.46090543,2.3969347,0.6632887,17
7794,0.41298527,0.5565614,4.691725,0.5219163,18
7795,0.21714796,0.7527368,1.979229,0.8101105,19
7796,0.42438382,0.7923273,4.749625,0.43659592,20
7797,0.0005776957,0.40271854,3.5979607,0.72682106,21
7798,0.0059179543,0.7162968,1.7738129,0.46694425,22
7799,0.002918571,0.37391073,2.523632,0.90902996,23
7800,0.91847485,0.5866312,1.2976353,0.8634857,0
7801,0.006001803,0.5366405,1.5541024,0.8807292,1
7802,0.045511324,0.81740046,2.12508,0.7319849,2
7803,0.6971392,0.052372478,4.5200467,0.86248904,3
7804,2.5244046e-05,0.9198744,5.4133267,1.2182611,4
7805,0.20348905,0.70705235,3.3261418,0.91864055,5
7806,0.00019672193,0.74600357,1.2859641,0.5750576,6
7807,0.86016184,0.2354301,1.2551988,0.6428405,7
7808,0.03893646,0.44961575,4.631817,0.88904464,8
7809,0.6963341,0.53456414,2.2750192,0.5274593,9
7810,0.08458215,0.558725,3.3776941,0.49498442,10
7811,0.44469,0.01894745,4.1045017,0.73112714,11
7812,0.27865565,0.4996306,0.8940315,0.7735033,12
7813,0.92874813,0.49733752,2.6108332,0.65339315,13
7814,0.00017891312,0.8641376,4.2865415,1.0728537,14
7815,0.46471667,0.87497103,3.9075594,0.65944564,15
7816,0.0014385434,0.46027997,3.7002254,0.7566376,16
7817,0.99756336,0.39395738,3.1970856,0.5768118,17
7818,0.3357268,0.4296262,5.189524,0.9022201,18
7819,0.99368274,0.66100115,2.6064668,0.46488014,19
7820,0.062352583,0.7582114,5.9141083,0.8436691,20
7821,0.6680371,0.37546033,5.120458,0.7015059,21
7822,0.0047677183,0.69695884,1.3575158,0.8252715,22
7823,0.01699881,0.19946761,2.260958,0.5471447,23
7824,0.2564976,0.645907,2.2652314,0.5674804,0
7825,0.21657155,0.43457827,2.201267,0.62700695,1
7826,0.11860432,0.1608444,1.0207214,0.853649,2
7827,0.5295252,0.0575283,5.4941616,0.6933877,3
7828,0.97750264,0.6957641,4.6609178,0.31926084,4
7829,0.7060595,0.8405209,3.171124,0.7647422,5
7830,0.999572,0.7742216,1.0952272,0.70196056,6
7831,0.033068728,0.3872851,2.0240974,0.44917738,7
7832,0.76344734,0.4733208,4.1118393,0.74839294,8
7833,0.046857107,0.7475541,1.8407403,0.82890546,9
7834,0.34410787,0.47743732,2.365418,0.7771714,10
7835,0.0063638184,0.022754045,3.4054792,0.7050433,11
7836,0.23423967,0.55768526,1.3530301,0.95324606,12
7837,0.022411782,0.32290336,3.169301,0.8734083,13
7838,0.076420754,0.90017873,3.6308875,0.4331484,14
7839,0.90137464,0.7138668,3.9718673,1.0995369,15
7840,0.0035485108,0.48820364,4.817461,0.91972077,16
7841,0.99998903,0.37574822,2.0506895,0.5282768,17
7842,0.95842224,0.5636534,4.3927426,0.5982926,18
7843,0.00987895,0.6946498,3.2713861,0.9119034,19
7844,0.0003685561,0.55805045,4.3772316,0.9481278,20
7845,0.014261239,0.41879505,3.2174218,0.8130777,21
7846,0.4143945,0.6934816,1.113862,0.7500858,22
7847,0.001907151,0.31037205,2.6285973,0.8500378,23
7848,0.859785,0.5035767,3.8142033,0.7186124,0
7849,0.4063948,0.22890899,1.6675434,0.66149664,1
7850,0.040060017,0.8137261,2.3250153,0.5406864,2
7851,0.39276004,0.06740257,5.1732564,0.64087236,3
7852,0.8984224,0.9232317,3.8769863,0.9281869,4
7853,0.028333759,0.5256002,2.7778604,0.8427754,5
7854,0.88276446,0.5560107,0.815993,0.7822498,6
7855,0.038002968,0.40765005,2.6557145,0.7420537,7
7856,0.38759574,0.43443078,3.5694141,0.46932754,8
7857,0.00010805471,0.8428835,2.8520494,0.8944959,9
7858,0.023843706,0.56468797,3.0870595,1.2241797,10
7859,0.12591556,0.040056396,2.9158955,0.6709082,11
7860,0.17263596,0.29593647,2.1478899,0.747584,12
7861,0.7981712,0.2359961,2.8781426,0.7616112,13
7862,0.59581083,0.6082781,3.397702,0.71781987,14
7863,0.9738956,0.7456651,2.7598844,0.5738766,15
7864,0.27579737,0.3685208,5.0064793,0.72857505,16
7865,0.47346666,0.62049544,2.7227962,0.8686429,17
7866,0.9216225,0.59047043,4.93744,0.6698923,18
7867,0.9686459,0.5565563,1.95831,0.7723641,19
7868,0.20769006,0.8294142,5.558746,0.5929469,20
7869,0.009331341,0.34107974,3.7560642,1.0372608,21
7870,0.0034754896,0.5599314,1.7780042,0.8627614,22
7871,0.010032269,0.3291976,2.6488476,0.9600782,23
7872,0.05891876,0.6111701,2.3339298,0.67877173,0
7873,0.86467373,0.3018697,2.2420247,0.6339819,1
7874,0.035682134,0.16321272,1.2580392,1.202416,2
7875,0.269533,0.070798635,3.862423,0.63569164,3
7876,0.10401416,0.84004176,4.9255714,0.7874333,4
7877,0.017315496,0.63805425,3.6125312,0.62976277,5
7878,9.1999595e-05,0.9218844,0.70530206,0.8496034,6
7879,0.022049852,0.45047578,2.8799036,0.8486273,7
7880,0.0021026284,0.4608068,3.8409803,1.0845803,8
7881,0.9771139,0.24537922,2.0286474,0.7903206,9
7882,0.00967049,0.34635153,2.2839231,0.8331546,10
7883,0.20752148,0.02050199,3.42473,0.56516147,11
7884,0.28336918,0.63359505,1.7971604,0.6928346,12
7885,0.8504724,0.3884114,2.751869,0.5310058,13
7886,0.0039102337,0.76724654,3.4423923,0.97690195,14
7887,0.012358564,0.7710762,3.625027,0.84325427,15
7888,0.99654275,0.31726468,2.8473272,0.4246612,16
7889,0.2676418,0.34691283,1.4635041,0.7199576,17
7890,0.00010020733,0.48174044,5.0388346,0.8619263,18
7891,0.0036943727,0.5970123,2.8959198,1.031172,19
7892,0.58940244,0.7548249,5.1443806,0.38568375,20
7893,0.046694063,0.34158725,4.1954193,0.6123895,21
7894,0.08676729,0.6687225,1.8148632,0.44680443,22
7895,0.9761135,0.17017849,2.215011,0.77297795,23
7896,0.06918825,0.8822495,1.324353,0.9774759,0
7897,0.0006989031,0.4990358,1.5111254,0.5609368,1
7898,0.9081611,0.8034216,1.9358641,0.51080716,2
7899,0.5505393,0.06232638,4.7751417,0.5826426,3
7900,0.0029925215,0.9464269,4.9331474,0.67492664,4
7901,0.38595712,0.80319875,3.117275,0.43360916,5
7902,0.26397806,0.5885448,1.0380337,1.3028407,6
7903,0.06903174,0.61149704,2.969259,0.9520203,7
7904,0.802216,0.6159911,4.379205,0.49960142,8
7905,0.045275584,0.35551217,1.4392143,0.8429767,9
7906,0.12082989,0.580103,3.52501,0.7580498,10
7907,0.62762564,0.015927507,3.5379739,0.61681366,11
7908,0.40462908,0.40254432,1.2263902,0.8951997,12
7909,0.003709247,0.43197888,2.8326306,1.1026604,13
7910,0.80328405,0.80549496,3.246256,0.6710088,14
7911,0.45640963,0.7428809,3.5027874,0.5377792,15
7912,0.5699563,0.477537,4.0877585,0.80149,16
7913,0.00012031899,0.7662487,1.6838946,0.8067473,17
7914,0.022370063,0.56808615,4.1088843,0.7899467,18
7915,0.6117804,0.63552284,2.2931738,0.65421355,19
7916,0.15903525,0.8230198,4.6905503,0.7587684,20
7917,0.7194304,0.29539314,3.9902835,0.69127846,21
7918,0.89960086,0.78608876,2.963227,0.5555623,22
7919,0.27791756,0.28140062,2.7633514,0.65046084,23
7920,0.015722381,0.18541251,1.7564075,0.845828,0
7921,0.5866311,0.40743187,1.8574314,0.78286296,1
7922,0.50329626,0.53892934,1.2418287,0.6237174,2
7923,0.32418865,0.07848966,4.232591,0.6633525,3
7924,0.010217547,0.86717194,5.1489,0.9253252,4
7925,0.14539394,0.72875893,2.2812815,0.686689,5
7926,0.1333841,0.6816733,1.0765196,0.98796314,6
7927,0.8095732,0.3200078,2.1071,0.59439725,7
7928,0.0017626372,0.500401,4.520196,1.1328405,8
7929,0.0065508727,0.68876344,2.7985983,0.71446925,9
7930,0.022165544,0.53598213,2.7635443,0.5646184,10
7931,0.051919505,0.019319642,3.7888632,0.52861804,11
7932,0.34319156,0.4921839,1.2974222,0.72956336,12
7933,0.009219052,0.44035935,2.5537982,1.0011588,13
7934,0.0043387325,0.774443,3.1242547,0.81663823,14
7935,0.14825869,0.90714484,3.5170507,0.6000366,15
7936,0.9623589,0.54543066,4.704832,0.62560487,16
7937,0.9259824,0.49207684,2.6890564,0.46736896,17
7938,0.7854815,0.5330573,4.960697,0.8410739,18
7939,0.15613365,0.6215472,2.7384207,0.644307,19
7940,0.0031943347,0.68708104,5.459184,0.93464583,20
7941,0.10289611,0.28397325,3.4438772,0.87547827,21
7942,0.007172076,0.6231387,1.421839,1.1826164,22
7943,0.008301144,0.3339635,2.9524157,0.49698088,23
7944,0.16879576,0.7509691,2.2526433,0.94839865,0
7945,0.0041031702,0.5645419,2.373974,0.95282996,1
7946,0.5773001,0.36585552,1.6703767,0.59768325,2
7947,0.2886106,0.09311718,5.1807218,0.7378582,3
7948,0.00010640604,0.7008553,3.3752785,1.2533288,4
7949,0.17033693,0.78329486,2.2920175,1.045652,5
7950,0.10525548,0.33511543,0.6054443,0.8025544,6
7951,0.8271552,0.38124138,1.6533096,0.42438686,7
7952,0.5160392,0.42665502,4.488033,0.7435144,8
7953,0.0024384486,0.37694904,1.8780518,0.67894644,9
7954,0.019268192,0.42815006,3.4589517,0.5975597,10
7955,0.07165133,0.021523742,3.5950384,0.79106796,11
7956,0.24041268,0.0929206,0.8679044,0.8506925,12
7957,0.0016887906,0.25928015,2.8087842,0.61479694,13
7958,0.028314272,0.80947924,3.649981,0.78102714,14
7959,0.76496905,0.72380865,3.6956766,0.61137915,15
7960,0.07022218,0.3046176,3.8903728,0.6383027,16
7961,0.02417644,0.7708759,2.8225641,0.6185408,17
7962,0.18869871,0.5336235,5.5378003,1.0347279,18
7963,0.008657641,0.6406321,3.4243689,1.0020692,19
7964,0.0034193841,0.8064735,5.2138305,1.2674893,20
7965,0.068488285,0.28935173,2.6764,0.8634175,21
7966,0.0051010908,0.58223265,1.920079,0.66382736,22
7967,0.018631918,0.29411304,2.1206267,0.5714448,23
7968,0.564839,0.59045583,2.3589227,0.8047736,0
7969,0.8167085,0.4592058,1.5510945,1.0572968,1
7970,0.853192,0.53777814,1.0023024,0.962218,2
7971,0.31019002,0.07009978,4.2895675,1.011805,3
7972,0.31245932,0.9321299,4.890711,0.45159054,4
7973,0.42484844,0.91506934,3.8768528,0.73714244,5
7974,0.61070436,0.7932439,1.3040656,0.56490886,6
7975,0.62837476,0.35089892,1.8965964,0.47644788,7
7976,0.0022025167,0.42894864,4.509397,0.86914146,8
7977,0.14599627,0.46923605,2.3330822,0.9171161,9
7978,0.6291486,0.32120827,2.9211175,0.6633783,10
7979,0.058213733,0.025751835,3.1214604,0.7014691,11
7980,0.3740844,0.58781594,2.045703,1.0275307,12
7981,0.7732696,0.27168736,2.3945024,0.9495294,13
7982,0.0017895391,0.6600303,4.730537,0.85758185,14
7983,0.5918196,0.82299495,3.6927667,0.5241925,15
7984,0.23966767,0.40548158,4.290784,1.1410416,16
7985,0.00019771952,0.5435234,2.6363864,0.64592946,17
7986,0.0045599975,0.3886845,5.5084233,0.94506055,18
7987,0.051777486,0.7565808,2.5891132,0.8811927,19
7988,0.015862256,0.6324275,4.4692965,0.65036005,20
7989,0.24039091,0.3763918,5.0127306,0.6976192,21
7990,8.8177796e-05,0.6169973,2.0269847,1.1400659,22
7991,0.82993674,0.2843007,2.7030792,0.65302616,23
7992,0.012110309,0.70860493,1.7131267,0.7080511,0
7993,0.30815256,0.52502805,2.4397798,0.789899,1
7994,0.15105073,0.4973078,1.8459958,0.594097,2
7995,0.7372872,0.044613242,5.2698364,0.81208026,3
7996,4.0985466e-05,0.83417726,3.7109802,0.8471812,4
7997,0.15419379,0.89394134,2.2411952,0.78553593,5
7998,0.027400304,0.9751143,1.4816068,0.61803967,6
7999,0.8301953,0.6717491,2.43167,0.56849635,7
8000,0.009307928,0.46091,4.097137,0.70826495,8
8001,0.015721386,0.6279481,2.3309178,0.98424965,9
8002,0.5087398,0.4938261,3.808045,1.0544424,10
8003,0.05801896,0.013516448,2.999736,0.7784248,11
8004,0.3237317,0.6364659,2.0579925,0.85899293,12
8005,0.010456497,0.4692095,2.862903,1.1734391,13
8006,0.03173874,0.9081299,4.3773117,0.8278572,14
8007,0.9895746,0.6986341,2.9870787,0.4736857,15
8008,0.057890777,0.38818637,4.20177,0.70716256,16
8009,0.18708217,0.48626223,1.6345229,0.7382461,17
8010,0.016466314,0.6557601,5.687041,0.9776563,18
8011,0.2980049,0.8750908,3.5519695,0.5715563,19
8012,0.99685574,0.7627426,4.9769325,0.49986404,20
8013,0.64883596,0.32692719,4.083955,0.7231886,21
8014,0.8487472,0.67968374,1.654067,0.46197566,22
8015,0.16149874,0.27956253,2.0426023,0.6444066,23
8016,0.008976211,0.5820705,1.7648947,0.6313092,0
8017,0.9498218,0.61383843,1.5658962,0.6336535,1
8018,0.0422961,0.5247662,0.93872654,1.0445466,2
8019,0.2470263,0.070209205,4.949057,0.7028479,3
8020,0.9622116,0.799451,3.6955535,0.52216285,4
8021,0.92035913,0.81516147,3.960774,0.541528,5
8022,0.99987423,0.86080104,1.7119474,0.66986024,6
8023,0.76715124,0.17183907,1.9594932,0.5817116,7
8024,0.31788456,0.3738166,4.822609,0.70194954,8
8025,0.29102287,0.42264122,2.3372862,1.1472213,9
8026,0.006931417,0.60307676,3.1042352,0.6325818,10
8027,0.009284425,0.04462991,3.4936552,0.5756921,11
8028,0.45496845,0.6093111,1.0818084,1.0072612,12
8029,0.005018435,0.30570766,2.9328463,1.1921966,13
8030,0.0030173599,0.6892605,4.2378097,0.6861745,14
8031,0.3941737,0.704952,4.338524,0.7197391,15
8032,0.9293224,0.38339907,3.6953864,0.4339197,16
8033,0.024243817,0.6019768,2.2087471,0.5333419,17
8034,0.16021447,0.37917107,4.8315263,1.1227947,18
8035,0.18972853,0.85532826,3.3208177,0.43463546,19
8036,0.079644874,0.6042924,3.968299,0.4923151,20
8037,0.11100738,0.36705562,3.9695954,0.88910097,21
8038,0.030789237,0.5254536,2.0377116,1.0040699,22
8039,0.82870746,0.29649532,2.3158588,0.6344092,23
8040,0.01509035,0.1971654,2.0450678,1.1184982,0
8041,0.7350262,0.59945685,2.6515946,0.49182218,1
8042,0.88849515,0.7550804,1.3169109,0.6800293,2
8043,0.7517699,0.06595875,4.916579,0.7614031,3
8044,0.50156933,0.88739884,4.9090967,0.69966555,4
8045,0.26704288,0.53707576,3.2436574,0.639438,5
8046,0.06788191,0.92222446,1.2901714,0.62699044,6
8047,0.8416137,0.26815504,1.8162701,0.79326403,7
8048,0.36546618,0.58820933,5.52703,0.7697569,8
8049,0.75628275,0.6990521,2.068749,0.6406553,9
8050,0.41698602,0.53051627,3.4314547,0.6309348,10
8051,0.32697147,0.031021006,3.7113202,0.78146255,11
8052,0.2679043,0.7770515,1.5321015,0.87806714,12
8053,0.9817857,0.4525886,2.28884,0.6112858,13
8054,0.0046707946,0.77205133,3.2047727,0.7918619,14
8055,0.0004961745,0.75440687,3.5833688,1.2181727,15
8056,0.47114384,0.4674278,4.1226044,0.6650841,16
8057,1.8077575e-05,0.62035495,2.6358585,1.0047095,17
8058,0.36630404,0.5112387,6.021944,0.6264018,18
8059,0.9962131,0.649739,1.9268193,0.62370527,19
8060,0.24217123,0.7833476,5.6436543,0.58454835,20
8061,0.4927822,0.3695082,3.4931364,0.6455353,21
8062,0.14881793,0.80924463,2.0873091,0.674867,22
8063,0.3391916,0.19469436,2.6954455,0.5224016,23
8064,0.019672947,0.8164045,1.9990098,0.7154243,0
8065,0.91725373,0.30525076,1.6870189,0.6341147,1
8066,0.040110532,0.75791544,1.2318017,0.9384701,2
8067,0.48668236,0.05103407,5.4876165,1.1955309,3
8068,0.00013911644,0.9242924,3.6915467,1.049454,4
8069,0.7809544,0.853369,3.216703,0.39027184,5
8070,0.0015077328,0.89579314,1.9267453,1.1800232,6
8071,0.59473217,0.30909202,2.1401696,0.6330559,7
8072,0.0014942382,0.72254884,3.8923345,0.7323801,8
8073,0.9992987,0.608066,1.6074879,0.7807177,9
8074,0.06806504,0.53583026,4.08819,0.8923223,10
8075,0.27777272,0.033100314,4.229333,0.6344141,11
8076,0.38879132,0.5356165,1.925876,0.9478365,12
8077,0.04742584,0.44734007,3.2749872,0.8071795,13
8078,0.8427786,0.8737558,3.0106356,0.7832878,14
8079,0.0015100929,0.8330703,3.5855815,0.9145141,15
8080,0.2753634,0.38921964,3.8008595,0.8395082,16
8081,0.072288275,0.83145505,3.2278008,0.46684843,17
8082,0.2978933,0.5353953,5.0789,0.79753673,18
8083,0.5395045,0.72590363,2.8001106,0.69062203,19
8084,0.0017348974,0.73069775,3.458347,1.0951818,20
8085,0.65875405,0.30118048,2.8356946,0.7694283,21
8086,0.68495417,0.7365171,1.12948,0.67724454,22
8087,0.9437204,0.29593423,1.9106768,0.88001996,23
8088,0.98837006,0.6130787,1.8125474,0.6140951,0
8089,0.098170705,0.45400542,2.733799,0.7888398,1
8090,0.027566826,0.60077053,1.5529991,0.77015764,2
8091,0.857494,0.06763725,6.649911,0.74670017,3
8092,5.3950544e-07,0.8828493,4.223531,1.1615673,4
8093,0.5819003,0.8570871,2.6483262,0.8650854,5
8094,6.5687223e-06,0.6962967,1.6971498,0.5782134,6
8095,0.07182955,0.5937931,4.101843,0.56316704,7
8096,0.2655906,0.435001,3.1251123,0.59741956,8
8097,0.0006550845,0.36676422,1.617706,0.66179156,9
8098,0.022619162,0.43393493,2.6588235,0.9075488,10
8099,0.018961042,0.03551693,3.9973946,0.5813645,11
8100,0.20685998,0.46782377,0.9758175,0.8095746,12
8101,0.0023204763,0.4398691,2.6690652,0.76955736,13
8102,0.07991312,0.80541825,2.9690602,0.80434054,14
8103,0.2465078,0.8437972,3.043494,0.45689923,15
8104,0.3136392,0.3292489,3.9831896,0.6863079,16
8105,0.9882619,0.7397047,2.636131,0.62008274,17
8106,0.00046995742,0.33126822,4.8787565,0.711224,18
8107,0.000109611174,0.6985512,2.6140199,0.72703093,19
8108,0.0020863374,0.66654533,3.5542846,1.0825593,20
8109,0.004040886,0.49429727,2.7492895,0.84675753,21
8110,0.025185984,0.7346005,2.0851188,0.77976155,22
8111,0.0002151161,0.3117991,1.9170108,0.9901612,23
8112,0.3371825,0.6431631,1.2835734,0.50201654,0
8113,0.007205342,0.49972573,2.2259922,0.97249436,1
8114,0.08308517,0.89931655,0.92967755,1.0258933,2
8115,0.7133522,0.045978025,5.0894947,1.0638462,3
8116,0.0012899885,0.7508388,4.161326,1.4003574,4
8117,0.20826155,0.60055864,4.1310697,0.6877837,5
8118,0.0005224566,0.7846668,0.7173244,0.7196559,6
8119,0.14817719,0.53981704,2.8963718,0.7385215,7
8120,0.30665123,0.44865057,4.8190584,0.4904208,8
8121,0.9669457,0.59374684,1.4685524,0.7287046,9
8122,0.08504968,0.5412323,2.2592726,0.7263737,10
8123,0.054262735,0.026107535,4.253454,0.6001822,11
8124,0.47069934,0.6791319,1.4495022,0.8123094,12
8125,0.75035816,0.319044,4.210127,0.5162398,13
8126,0.21478109,0.5972915,2.9553947,0.57257247,14
8127,0.20396839,0.7886212,2.9623458,0.6575859,15
8128,0.8033163,0.47116795,4.4391336,0.7416532,16
8129,0.008249129,0.6536302,3.0794287,0.72023654,17
8130,0.5397704,0.57628685,4.416923,0.97200763,18
8131,0.052810133,0.5268404,3.1787295,0.60665005,19
8132,0.772984,0.62458026,3.7068224,0.7148912,20
8133,0.5317025,0.40861222,3.6842952,0.99275017,21
8134,0.0008155327,0.6849556,1.2749721,1.1617646,22
8135,0.013759588,0.24452853,3.0139806,0.71903634,23
8136,0.39031214,0.2915127,1.0770729,0.7266041,0
8137,0.73980653,0.40316465,1.3370222,0.56084955,1
8138,0.18690555,0.45787087,1.828656,0.795966,2
8139,0.2747068,0.08038995,4.4341903,0.9162799,3
8140,0.22043833,0.8611048,2.8762612,0.75660855,4
8141,0.021448247,0.84518176,3.9344227,0.8645088,5
8142,0.024898333,0.6671408,1.6901816,0.7190236,6
8143,0.55520815,0.37771988,2.3225691,0.7885044,7
8144,0.019414771,0.3271458,4.0046296,0.48461527,8
8145,0.010835505,0.49124363,1.5054376,0.5947452,9
8146,0.15095602,0.3881678,3.2568657,0.684824,10
8147,0.0013493706,0.018627772,2.3039806,0.9349349,11
8148,0.5484853,0.6426358,0.9978723,0.85581607,12
8149,8.944431e-05,0.23603754,2.829791,0.7302254,13
8150,0.80944735,0.86401373,2.5658097,0.90427005,14
8151,0.00035510788,0.8197177,4.158968,0.65941244,15
8152,0.027021598,0.37923786,3.217749,0.9386641,16
8153,0.6485643,0.42234832,2.6964686,0.48302478,17
8154,0.99978656,0.47760227,4.355368,0.41998374,18
8155,0.7778281,0.8624776,3.648045,0.77296203,19
8156,0.041226823,0.8292622,4.5154576,0.72926986,20
8157,0.0062164566,0.38792077,2.9469683,1.4763248,21
8158,0.96395165,0.5948839,1.3884419,0.74554706,22
8159,0.96475697,0.15500258,2.5548098,0.99594533,23
8160,0.8371743,0.35594082,2.0635972,0.9478184,0
8161,0.3456879,0.5004956,2.4006631,1.2114905,1
8162,0.9214196,0.9420132,1.8622694,0.43389633,2
8163,0.7961914,0.06930733,4.772001,0.7662591,3
8164,0.011088561,0.8652979,3.3008957,0.861947,4
8165,0.0012824544,0.6970506,3.6669972,0.66453016,5
8166,0.0034817513,0.5681663,1.1336935,0.8904272,6
8167,0.051810738,0.5310846,2.4013789,0.6235448,7
8168,0.017905451,0.37564942,3.774567,0.5408957,8
8169,0.015129386,0.53447056,2.2463782,0.5414542,9
8170,0.24737234,0.53358483,3.1238198,1.0487283,10
8171,0.049724035,0.026099283,2.7146838,0.7487055,11
8172,0.5725941,0.4394033,1.8114268,1.0813534,12
8173,0.70306885,0.33467546,3.5058358,0.47741443,13
8174,0.58021843,0.82888126,3.928042,0.80023706,14
8175,0.4174482,0.8968715,4.0588408,0.71297044,15
8176,0.9280927,0.5372941,3.7248042,1.05544,16
8177,0.7898884,0.52943003,1.9290781,0.630207,17
8178,0.621041,0.5068819,6.087976,0.59766704,18
8179,0.00026059186,0.62388957,2.2067177,0.8489293,19
8180,0.8778352,0.7944394,5.407738,0.47913468,20
8181,0.84957254,0.25772747,4.146283,0.6499295,21
8182,0.9998889,0.65443593,2.7667878,0.31284693,22
8183,0.07390027,0.19835143,1.7763011,0.62812245,23
8184,0.9933647,0.6413668,2.1879604,0.7057026,0
8185,0.9993605,0.53462994,2.6975868,0.5726113,1
8186,0.75931567,0.7315354,0.95651615,0.55989856,2
8187,0.5987889,0.058681425,4.718347,0.7169319,3
8188,0.005427309,0.8588453,3.626509,1.0655358,4
8189,0.013613989,0.7254512,3.026006,0.9885036,5
8190,0.0011784553,0.10834592,0.5007907,0.77192867,6
8191,0.029109597,0.78009045,2.3730917,1.0603898,7
8192,0.9789588,0.50347227,4.0395474,0.5670701,8
8193,0.98548234,0.74671584,2.04476,0.8088985,9
8194,0.09566349,0.5195861,3.851231,0.5162263,10
8195,0.009452497,0.030330518,3.863984,1.0821084,11
8196,0.30118942,0.8387521,1.5938623,0.86420655,12
8197,0.15372814,0.48371518,3.6080084,0.5566797,13
8198,0.59042364,0.6795896,2.9319906,0.77714473,14
8199,0.88459486,0.9137663,3.51779,0.52041656,15
8200,0.4813408,0.3944193,3.2580495,0.72818995,16
8201,0.99950457,0.6066401,2.3482244,0.7939822,17
8202,0.00073291565,0.57530266,4.751276,0.6719262,18
8203,0.060461495,0.7763783,3.2989857,0.4955694,19
8204,0.013911462,0.63338935,5.400787,0.596525,20
8205,0.23140885,0.3728379,2.893593,0.927014,21
8206,0.0020599705,0.55966365,1.8460307,0.5619144,22
8207,0.17014638,0.24084076,2.2860358,0.54793173,23
8208,0.29242414,0.68245465,2.0113394,0.8692939,0
8209,0.106676325,0.5979752,2.3437402,0.82715225,1
8210,0.39750147,0.9206217,1.4111605,0.9150136,2
8211,0.39414564,0.055891503,4.9583817,0.7304981,3
8212,0.000603504,0.8018111,4.754895,0.73101634,4
8213,0.38111627,0.7826889,3.8903592,0.5750924,5
8214,0.67865074,0.8852466,0.9247822,0.6984668,6
8215,0.0010373411,0.57002395,2.8885653,0.99869204,7
8216,0.0068217963,0.5120764,3.9092543,0.7477003,8
8217,0.12386633,0.6167101,1.5655177,0.89103764,9
8218,0.05304389,0.52604383,2.4555876,0.80869365,10
8219,0.89576554,0.024173765,4.218735,0.4487561,11
8220,0.28319156,0.2579392,1.9618207,1.1095421,12
8221,0.9993319,0.3746051,3.1331162,0.793612,13
8222,0.017198175,0.78154814,4.3582706,0.7002702,14
8223,0.9825838,0.86196667,3.2002947,1.061725,15
8224,0.8713869,0.25916386,3.6181226,0.6849326,16
8225,0.7501239,0.51356786,2.401701,0.7399044,17
8226,0.025873289,0.34077024,5.022436,0.5401393,18
8227,0.11359208,0.63230425,2.3967955,0.6920413,19
8228,0.110210285,0.64194494,4.771477,0.76966375,20
8229,0.14017405,0.31246063,2.9377894,0.7657157,21
8230,0.31521794,0.8049754,2.318698,0.55666554,22
8231,0.005928927,0.37398967,3.4527097,0.7703515,23
8232,0.2519163,0.40049705,1.9791703,0.7641542,0
8233,0.73483074,0.45829818,1.98552,0.6357138,1
8234,0.96443206,0.71482384,1.0321875,0.9152025,2
8235,0.45523486,0.07473357,6.0844445,0.8064916,3
8236,1.9640422e-06,0.95899034,3.835293,1.3124745,4
8237,0.9699108,0.8798383,3.8213997,0.48039484,5
8238,0.86907756,0.9669894,0.8636339,0.9088832,6
8239,0.0026140918,0.1746472,1.4302379,0.69705635,7
8240,0.9126525,0.3924484,3.8654146,0.55617315,8
8241,0.632966,0.79175055,1.3650331,0.62205666,9
8242,0.07514271,0.36240864,2.3117452,1.0380388,10
8243,0.027392866,0.033127625,3.591177,0.6448174,11
8244,0.37701374,0.44082347,1.6442662,1.0819993,12
8245,0.044825643,0.4046712,2.5353644,0.8747586,13
8246,0.28467083,0.7795635,3.2358859,0.88993275,14
8247,0.6921342,0.68886715,4.240993,0.5532277,15
8248,0.010590411,0.26391292,3.9499178,0.92795604,16
8249,0.9984434,0.6820428,2.6549225,0.3873639,17
8250,0.9299884,0.67771643,4.9044647,0.7251332,18
8251,0.0016743683,0.44636953,2.6949537,0.7681158,19
8252,0.6576328,0.76925564,4.644062,0.64597416,20
8253,0.9877914,0.5243174,3.7219028,0.82614434,21
8254,1.7771568e-05,0.49581954,2.1008322,0.72172,22
8255,0.97270805,0.19190949,2.2271602,0.60798407,23
8256,0.42890224,0.4911723,1.7795871,0.6851506,0
8257,0.99321824,0.35492152,1.3246224,0.57038254,1
8258,0.08974845,0.88645566,1.1483206,0.70616376,2
8259,0.5453059,0.076207735,4.5199347,1.1269705,3
8260,0.8144773,0.84899104,3.0589275,1.0169625,4
8261,0.20765637,0.8454,2.8343332,0.72583663,5
8262,0.05993419,0.57403195,0.9797847,0.59568936,6
8263,0.6258348,0.3328177,3.7011077,0.4600723,7
8264,0.6382949,0.4443869,4.782502,0.7285356,8
8265,0.04074149,0.5393271,1.8419176,0.89714044,9
8266,0.006317678,0.7067935,3.4735684,1.0890406,10
8267,0.0064608417,0.03640912,3.7536132,0.86855805,11
8268,0.36373073,0.8861715,1.6136284,1.1128536,12
8269,0.05627032,0.37700844,1.8452451,0.8250147,13
8270,0.6423056,0.7319152,3.7025046,0.76133335,14
8271,0.009527007,0.8640212,3.2485926,0.5754191,15
8272,0.9938991,0.36280063,3.5781958,0.77729833,16
8273,0.9455707,0.54997087,2.1074743,0.56448525,17
8274,0.001432321,0.48821673,4.7930927,0.85866094,18
8275,0.05791395,0.6697681,2.0569224,0.70308,19
8276,0.11497032,0.57506925,4.7601314,0.5102823,20
8277,0.025369095,0.37761405,4.013316,0.93015194,21
8278,0.056500115,0.78906786,2.7125585,0.63932526,22
8279,0.8797296,0.25426906,3.0587554,0.63681895,23
8280,0.07873387,0.5889006,1.4225435,0.8544377,0
8281,0.07690239,0.53326714,1.4967436,0.89826113,1
8282,0.0018673679,0.061063554,1.4980288,0.7019245,2
8283,0.41506854,0.050670076,5.644533,0.56237066,3
8284,0.95027685,0.8713939,4.0913725,0.7204895,4
8285,0.0029200658,0.7784811,3.2878687,0.81974983,5
8286,0.9962442,0.8086713,0.73619306,0.6336868,6
8287,0.685149,0.221129,1.22953,0.70601153,7
8288,0.46239972,0.6244767,3.7486434,0.44713855,8
8289,0.0061156787,0.6713317,1.6277037,0.66586345,9
8290,0.24908559,0.40418425,3.6215832,0.82970214,10
8291,0.57646656,0.043084763,4.211454,0.6601187,11
8292,0.5445638,0.5541923,1.0378934,1.0549928,12
8293,0.46360895,0.23884323,2.2007456,0.5213123,13
8294,0.36974934,0.575241,2.638419,0.75402546,14
8295,0.11199923,0.8858456,3.904377,0.4369153,15
8296,0.008802597,0.4772281,3.8294826,1.090296,16
8297,4.4963338e-07,0.7354921,2.432032,0.7288105,17
8298,0.075956754,0.6395468,5.2133136,0.65149033,18
8299,0.0048256163,0.7070307,2.756295,0.784493,19
8300,0.2556546,0.6578052,3.935639,0.7210142,20
8301,0.29817003,0.5270487,3.9484227,0.55206245,21
8302,0.0024981475,0.64437085,1.8213637,0.98776644,22
8303,0.23609823,0.26390952,2.819971,0.80351883,23
8304,0.13767429,0.72761357,2.3276608,1.1625903,0
8305,0.064105645,0.55659574,2.0295253,0.90932775,1
8306,0.85397255,0.63153493,1.4462698,1.0075597,2
8307,0.77006584,0.052095324,4.9882164,1.0472646,3
8308,0.95404905,0.89028037,3.3777475,0.95791405,4
8309,0.03539309,0.9274869,3.191676,0.9489362,5
8310,0.28474274,0.9352409,1.3349769,0.87742203,6
8311,0.0007428083,0.23463394,2.283725,0.7895783,7
8312,0.007810595,0.37959358,3.8201408,0.7691704,8
8313,0.75590974,0.87629294,2.8436575,1.0084375,9
8314,0.7123778,0.4104676,4.450961,0.64704305,10
8315,0.059292004,0.018728651,3.5173748,0.5788325,11
8316,0.40207022,0.30643034,2.0731769,0.97967535,12
8317,0.017544553,0.34514412,3.1489298,0.91029793,13
8318,0.06511489,0.8033407,4.827578,0.89153105,14
8319,0.9971131,0.8374394,4.458841,0.41762906,15
8320,0.008238381,0.33479738,3.2112598,0.767396,16
8321,0.79145384,0.5916879,2.2939079,0.812507,17
8322,0.28985402,0.5920203,5.575883,0.7405385,18
8323,0.035022747,0.6228957,2.8617997,0.741158,19
8324,0.8729841,0.7029526,5.687252,0.61169386,20
8325,0.912526,0.4203084,4.6754704,0.71918315,21
8326,0.0045243236,0.62299883,1.8494488,0.93039656,22
8327,0.054715224,0.40565923,2.315752,0.89029723,23
8328,0.0077637825,0.85735023,1.526504,0.93107903,0
8329,0.16588528,0.4923427,1.4225827,0.75676113,1
8330,0.13495797,0.25713512,1.2482938,0.85846996,2
8331,0.4980915,0.065221965,4.7786355,1.1739745,3
8332,0.987061,0.9337852,3.3488736,0.42373574,4
8333,0.5156857,0.5969179,3.343812,0.7460505,5
8334,0.0019275025,0.7313329,0.86249053,0.5522382,6
8335,0.5179101,0.45906723,2.825861,0.9231793,7
8336,0.5033585,0.56018203,4.0938373,0.57427293,8
8337,0.995805,0.76744664,1.3918138,0.7849824,9
8338,0.07300534,0.5471796,2.2956183,0.92873067,10
8339,0.6153552,0.024084853,4.0662184,0.830962,11
8340,0.48319066,0.7156953,1.4802457,0.75776005,12
8341,0.88439435,0.3179354,3.176768,0.5239051,13
8342,0.8737116,0.7466803,3.8151047,0.954281,14
8343,0.8783362,0.94308454,4.4803753,0.4718506,15
8344,0.17280863,0.42236388,3.7025669,0.7253367,16
8345,0.09602056,0.67521745,2.8113875,0.8106336,17
8346,0.0001136864,0.66656303,4.775558,0.9416566,18
8347,0.118770294,0.7011312,3.44698,0.3662388,19
8348,0.9966884,0.6369747,4.3089724,0.4021031,20
8349,0.33575618,0.36288345,4.030566,0.7408277,21
8350,0.0007308783,0.6219017,1.9256082,0.67574704,22
8351,0.9712961,0.26879692,1.884892,0.49566036,23
8352,0.004811262,0.8287052,2.237149,1.0483243,0
8353,0.0005615234,0.3354263,1.8933977,0.6135975,1
8354,0.0772361,0.8243773,1.039847,0.77470666,2
8355,0.44535732,0.05830775,5.150184,0.708273,3
8356,0.9166123,0.82681304,3.9405358,0.614927,4
8357,0.0017464443,0.81026405,2.6691458,0.65924394,5
8358,0.47055367,0.9638359,1.1741441,0.7983663,6
8359,0.0650983,0.3481776,2.9870322,0.5183252,7
8360,0.00012772385,0.43500805,4.554195,0.76416445,8
8361,0.03777831,0.58144546,1.6473887,0.75466365,9
8362,0.009819075,0.3796934,3.1605868,0.83129716,10
8363,0.15745786,0.032607038,3.0874755,0.7398977,11
8364,0.5913301,0.27666333,1.4067731,0.7118759,12
8365,0.0012116261,0.2533804,3.2626214,0.7585896,13
8366,0.010798367,0.71077806,4.8371477,0.9769734,14
8367,0.24769063,0.8189441,3.8155034,0.67413557,15
8368,0.0018517096,0.37578264,3.0088973,0.9405049,16
8369,0.9475107,0.6772841,3.2793832,0.44174725,17
8370,0.1939941,0.587981,5.2199845,0.74599034,18
8371,0.9908819,0.7962093,2.91648,0.71353865,19
8372,0.25117585,0.67149943,5.1146345,0.56534207,20
8373,0.008381151,0.30354232,4.6907883,0.92869693,21
8374,0.07120793,0.553002,1.7231486,0.6150056,22
8375,0.06765596,0.27078542,3.0922256,0.65509045,23
8376,0.52900857,0.4531633,2.5421395,1.0655456,0
8377,0.015840663,0.34723473,1.7293012,0.73242867,1
8378,0.7775365,0.67312944,1.2423277,0.6257271,2
8379,0.12761667,0.080548346,6.070242,0.5231241,3
8380,0.9741581,0.83643997,4.192484,0.55115175,4
8381,0.014717699,0.8697658,3.0147028,0.6344127,5
8382,0.01333628,0.64997303,1.0917314,0.8678675,6
8383,0.38184714,0.4525204,2.6108468,0.992032,7
8384,0.44423762,0.51084274,3.8246765,0.6623565,8
8385,0.47647786,0.38143072,2.0444398,0.6665745,9
8386,0.37853697,0.5779817,2.6998904,0.83959126,10
8387,0.78796935,0.01729203,3.2844825,0.7986915,11
8388,0.47403497,0.34165195,1.3274957,1.2894511,12
8389,0.3104117,0.4165329,2.5032196,0.9357375,13
8390,0.8618106,0.66784143,3.8685513,0.8871771,14
8391,0.10336487,0.85917705,3.283893,0.67230576,15
8392,0.5801886,0.39001724,3.460531,1.0128208,16
8393,0.16354904,0.4818477,1.8187599,0.8459594,17
8394,0.02063686,0.56484634,4.9811163,0.5675941,18
8395,0.0140214665,0.648517,3.1267653,0.68423676,19
8396,0.008316113,0.7130308,4.9652615,0.60091364,20
8397,0.010539996,0.38946193,4.3502,0.6585498,21
8398,0.47505218,0.64302635,1.3337606,0.72813463,22
8399,0.0022676664,0.29459158,3.2910461,0.62660927,23
8400,0.2555408,0.5677417,1.6208469,0.74412376,0
8401,0.031832997,0.6915234,3.0588727,0.8755393,1
8402,0.8806588,0.3677962,1.2353433,0.5542531,2
8403,0.63653606,0.080642164,4.7948985,0.9487395,3
8404,0.98915637,0.9429011,5.169382,0.5967435,4
8405,0.0028406978,0.86803037,2.9668853,0.5936876,5
8406,0.72540945,0.9006136,0.8692069,0.9092739,6
8407,0.0058610444,0.58913094,2.4704025,0.75337285,7
8408,0.84258074,0.53537947,4.1516743,0.67472637,8
8409,0.1733669,0.27122018,2.1957965,1.091546,9
8410,0.10197412,0.7478734,2.884758,0.9741844,10
8411,0.30968884,0.01598629,3.4664857,0.6831496,11
8412,0.2879321,0.5843343,1.303578,1.0269614,12
8413,0.0023246838,0.3442247,2.6951864,0.7208833,13
8414,0.9829016,0.6890837,3.3347325,0.57003474,14
8415,0.4569079,0.7110396,3.4862623,0.89896727,15
8416,0.104898,0.46929276,5.0447264,0.77313876,16
8417,0.18154003,0.64885193,3.6189673,0.7121966,17
8418,0.009170246,0.5201982,4.3752923,1.0385029,18
8419,0.017729977,0.7346576,2.2636209,0.63487697,19
8420,0.01860768,0.6600079,4.4784365,0.80166686,20
8421,0.3136041,0.38037494,3.8470669,0.7193821,21
8422,0.026748896,0.6448212,2.6946864,0.78885055,22
8423,0.9723674,0.23664185,1.4531319,1.0643289,23
8424,0.0028272134,0.7859749,2.0506065,1.1617472,0
8425,0.6776295,0.36192033,2.3667648,0.63882184,1
8426,0.26528725,0.49173087,1.3105664,0.7399676,2
8427,0.7776946,0.053032458,5.129719,0.6707489,3
8428,0.67563146,0.8919975,3.2961082,0.53579694,4
8429,0.077402994,0.8298746,2.68649,0.82626945,5
8430,1.0727371e-07,0.5588862,0.9497085,0.86433375,6
8431,0.33311978,0.51167154,2.39744,0.6142665,7
8432,0.0041576866,0.4650423,3.9827883,0.85097384,8
8433,0.00012482227,0.40736198,1.717003,0.9375623,9
8434,0.46135563,0.581809,3.7159472,0.69745475,10
8435,0.00030508995,0.04938066,3.7244973,0.47193572,11
8436,0.6692374,0.4607666,2.2539463,1.2445637,12
8437,0.005601945,0.29702914,2.7948332,0.6231182,13
8438,0.002908579,0.8881616,4.041059,0.6483594,14
8439,0.0009864912,0.5552938,3.1768231,0.80021054,15
8440,0.061523627,0.38637426,3.9176636,0.71636504,16
8441,0.834749,0.66596806,2.4962828,0.96298814,17
8442,0.028002212,0.5737589,5.1267185,0.945642,18
8443,0.774719,0.8643613,2.9148076,0.797963,19
8444,0.3719109,0.667267,5.3931074,0.7282641,20
8445,0.74243194,0.45210806,3.612467,0.82191205,21
8446,0.0004618836,0.56249565,1.2747426,0.93300885,22
8447,0.002739489,0.15684429,3.5845733,0.6663672,23
8448,0.6579538,0.781323,1.7936025,1.0668219,0
8449,0.058838185,0.5053895,2.3722184,1.0244001,1
8450,0.11193924,0.8548715,1.2987642,0.90914255,2
8451,0.5245671,0.06692923,4.533155,1.320284,3
8452,9.710894e-06,0.78907627,3.48886,1.2644298,4
8453,0.016445545,0.75629604,2.0247803,0.5044254,5
8454,0.5627064,0.44295934,0.8136556,0.8224218,6
8455,0.048654772,0.54981375,2.0182776,1.0831347,7
8456,0.9730232,0.592396,4.1993403,0.6186422,8
8457,0.24176256,0.38504624,2.5382595,0.70305103,9
8458,0.004305651,0.58534366,3.1509094,0.7631522,10
8459,0.006898511,0.03227301,3.5679908,0.7554776,11
8460,0.5762431,0.56299967,1.1113111,0.8338965,12
8461,0.56636924,0.34943908,2.13463,0.6693346,13
8462,0.9954555,0.8747919,3.857398,0.46479434,14
8463,0.8441355,0.7646247,4.088983,0.8218736,15
8464,0.070361674,0.45910144,3.965981,0.91917455,16
8465,0.4282517,0.4124953,1.4329196,0.66774535,17
8466,0.8248101,0.4390118,5.4559307,0.8145671,18
8467,0.99490935,0.67370826,2.3817184,0.42332447,19
8468,0.008546165,0.74401796,5.143905,0.6211934,20
8469,0.7344711,0.39942262,3.8976216,0.772805,21
8470,0.012932751,0.4911899,1.4373908,0.6398479,22
8471,0.033995252,0.23617539,2.5912147,0.7252658,23
8472,0.28951952,0.7548511,2.4256809,0.506008,0
8473,0.015371418,0.37528953,2.548036,1.1428299,1
8474,0.22092742,0.43860087,0.85733235,0.7711422,2
8475,0.47853082,0.0756197,5.079077,0.7860559,3
8476,0.15171248,0.82576835,4.3683805,1.3181489,4
8477,0.27550942,0.78245354,3.773766,0.74910426,5
8478,0.07343774,0.51626503,0.8227635,0.5796845,6
8479,0.00022894329,0.52915865,3.7420497,0.84108984,7
8480,0.9551977,0.3933268,3.7523963,0.52249753,8
8481,0.07165062,0.5313037,2.2921176,1.0865495,9
8482,0.81328434,0.6875254,3.0933523,0.8122936,10
8483,0.47536933,0.014690108,3.6490617,0.57865554,11
8484,0.43840635,0.51694834,2.0217066,0.671608,12
8485,0.0007647171,0.20050244,1.5366731,0.85958695,13
8486,0.93756753,0.8075044,3.5740595,0.7952788,14
8487,0.92769194,0.718097,3.851123,0.56509566,15
8488,0.44334152,0.33610493,4.6827755,0.7835468,16
8489,0.43515715,0.6519037,1.8963922,0.4039907,17
8490,0.21447761,0.57215935,5.4630084,0.58194727,18
8491,0.88577515,0.8003478,2.9516337,0.905953,19
8492,0.036090907,0.88617676,4.4572,0.50883037,20
8493,0.0009937893,0.49878216,3.7080898,0.9690047,21
8494,0.9013994,0.67099804,1.865276,0.65003943,22
8495,0.21603578,0.26612037,2.9622908,0.51113796,23
8496,0.1675165,0.63477886,1.9358803,1.0439258,0
8497,0.3183273,0.31593344,2.9887462,0.7313747,1
8498,0.11217955,0.27770922,2.0876682,0.8249923,2
8499,0.10510729,0.0762763,4.603814,1.0350393,3
8500,0.09300353,0.9443145,3.9211738,0.5892164,4
8501,0.04364745,0.7974714,2.1462202,0.78898644,5
8502,0.41530713,0.3817734,1.0611833,0.79701656,6
8503,0.035908252,0.5859503,2.1359477,1.2279477,7
8504,0.00059541216,0.45879748,4.531828,0.52263266,8
8505,0.20534895,0.4569791,1.707134,0.65858674,9
8506,0.70560515,0.4646999,3.4359453,0.97943926,10
8507,0.6100589,0.016250148,3.6228476,0.5594479,11
8508,0.49207896,0.4264618,1.5094172,1.2365545,12
8509,0.3864134,0.38372302,3.0807562,0.5988144,13
8510,0.016617574,0.69138265,4.2322416,0.5816369,14
8511,0.07469761,0.72006804,3.91159,0.9439713,15
8512,0.8366785,0.41477734,3.986304,0.847086,16
8513,0.983897,0.49312595,2.406433,0.5908736,17
8514,0.08715869,0.5442791,5.8576794,0.67264736,18
8515,0.047138922,0.58498573,2.6379359,1.0286586,19
8516,0.022539321,0.50361323,3.6471834,0.77897674,20
8517,0.87301016,0.5150511,2.6970787,1.0307057,21
8518,0.03097928,0.83366704,2.2304902,0.65648866,22
8519,0.054398656,0.3030414,2.6886249,0.68895966,23
8520,0.04428633,0.5480001,2.2857914,0.8345046,0
8521,0.021503279,0.19329534,1.6724293,0.5609008,1
8522,0.084946916,0.6857665,1.4170254,0.80003774,2
8523,0.4279897,0.082143016,5.1571503,1.0135759,3
8524,0.97460383,0.9291515,3.6450386,0.6238836,4
8525,0.021379352,0.81116307,4.2896705,0.6798786,5
8526,7.519771e-05,0.32063523,1.057505,0.8640787,6
8527,0.40755424,0.27410537,1.5866029,0.6039621,7
8528,0.00946055,0.41934526,4.571823,0.7788918,8
8529,0.97664034,0.4463225,2.3331704,0.5993914,9
8530,0.5450185,0.58193135,3.4718914,0.5905076,10
8531,0.06546909,0.028926011,3.5878463,0.78999096,11
8532,0.35991666,0.48187074,2.1401467,1.0391663,12
8533,0.006823541,0.49069515,2.728807,0.8814634,13
8534,0.1860939,0.709617,4.9534664,0.6579366,14
8535,0.012575117,0.86967367,3.767983,0.7075013,15
8536,0.19746268,0.377994,3.7436972,0.97103244,16
8537,0.006273204,0.5193891,2.3712592,0.5378007,17
8538,0.033741947,0.5079054,4.828993,0.71600085,18
8539,0.3624279,0.8946026,3.1616364,0.67734957,19
8540,0.020430444,0.58058757,2.9641964,0.7930515,20
8541,0.6939257,0.37595308,3.2285306,1.0980339,21
8542,0.0072634756,0.72675014,1.6067861,0.76052475,22
8543,0.014629053,0.3758769,2.9826298,0.6294631,23
8544,0.94415504,0.9355522,2.4414725,0.67709094,0
8545,0.00961089,0.3819597,2.3388183,0.5565339,1
8546,0.031348962,0.35514414,1.4081435,0.7481612,2
8547,0.3121309,0.050145954,5.117838,0.5521068,3
8548,4.7884514e-05,0.8404791,5.232146,1.2986214,4
8549,0.17258608,0.58738965,2.5805006,0.7666326,5
8550,0.95854795,0.60410786,1.2072157,0.5985161,6
8551,0.013849131,0.8496371,2.0265088,0.59265125,7
8552,0.001767177,0.5792787,4.7102685,0.69909745,8
8553,0.10946445,0.22179918,2.2914412,0.63795483,9
8554,0.2043134,0.45574117,3.9352157,0.8142501,10
8555,0.3307791,0.021112135,2.8920207,0.7982391,11
8556,0.3165384,0.54871714,1.5397615,0.97572994,12
8557,0.6944005,0.371647,3.0029738,0.46876693,13
8558,0.20137993,0.7066427,4.205046,0.51359713,14
8559,0.000377395,0.6961087,3.9783618,0.71630716,15
8560,0.5778673,0.4197424,4.3658133,0.8016734,16
8561,0.033206318,0.736058,2.9749634,0.7077495,17
8562,0.99789727,0.4492746,4.8542743,0.6116973,18
8563,0.013329486,0.8185367,2.2231395,1.0052521,19
8564,0.9644743,0.767738,5.2662683,0.48771378,20
8565,0.08782275,0.27744386,4.669431,0.9456208,21
8566,0.0026080243,0.796741,1.4690433,0.8539696,22
8567,0.0047860984,0.12035364,2.2584867,0.5177669,23
8568,0.024098558,0.6390701,1.8987286,0.802527,0
8569,0.03394242,0.5389511,2.5736907,0.7116062,1
8570,0.35151294,0.49230227,1.0496349,0.883746,2
8571,0.6892247,0.0662183,4.651272,0.77571785,3
8572,0.3432793,0.9286164,3.8635907,0.4480878,4
8573,0.7283785,0.85950947,3.275227,1.0202895,5
8574,0.008378852,0.9050586,0.81934655,0.8131839,6
8575,0.37801597,0.29443157,1.7764031,0.631882,7
8576,0.02121697,0.49383864,4.4917407,0.8822172,8
8577,0.010121254,0.57664627,1.7686048,0.7026214,9
8578,0.86412317,0.65516156,4.3492794,0.85658085,10
8579,0.087090895,0.029293865,3.6270287,0.6492228,11
8580,0.51955336,0.3529693,1.1960357,0.9675906,12
8581,0.9979899,0.38983876,3.0378141,0.46753103,13
8582,0.17074442,0.80698186,3.990322,0.7112083,14
8583,0.6486693,0.9137324,3.5965106,0.47822618,15
8584,0.5337185,0.4159272,4.5564003,0.9456111,16
8585,0.43209305,0.7498627,3.078825,1.0656967,17
8586,0.36593097,0.54256845,4.258446,0.9432539,18
8587,0.990418,0.7444668,2.1747057,0.54844576,19
8588,0.4298212,0.74801105,4.381975,0.78978837,20
8589,0.5544213,0.55792123,3.3499112,0.66015947,21
8590,8.367514e-05,0.49035117,1.5059726,1.3401537,22
8591,0.67210704,0.25944713,2.2916362,0.99455464,23
8592,0.36896223,0.5289407,2.023952,0.75454503,0
8593,0.08047658,0.35068244,1.9259446,0.7344549,1
8594,0.7506438,0.8316925,1.4925797,0.7451096,2
8595,0.50783944,0.0698236,4.5574336,0.9968352,3
8596,0.2600026,0.8472965,3.1424892,0.58441013,4
8597,0.08572333,0.6721871,3.0797074,0.52028036,5
8598,0.42275432,0.42094535,1.3033919,0.96222866,6
8599,0.33756247,0.48239955,2.6678977,1.0994154,7
8600,0.8066046,0.29653916,4.0604324,0.58268356,8
8601,0.07254422,0.87254965,1.8238026,0.54123884,9
8602,0.27849126,0.6856713,2.727405,0.7228203,10
8603,0.018123753,0.03874329,3.7647195,0.6212722,11
8604,0.5991926,0.8862414,1.7175577,0.7250036,12
8605,0.0012872987,0.33672303,2.4732654,0.8843433,13
8606,0.038187537,0.7104282,3.458264,1.0706726,14
8607,0.88102764,0.7874904,4.091215,0.7930075,15
8608,0.000846054,0.42610204,3.4727178,0.7755563,16
8609,0.18302502,0.5595625,2.6380012,0.44398242,17
8610,0.99124604,0.5152608,3.6081717,0.593791,18
8611,0.23873681,0.9410842,3.1219091,0.8919907,19
8612,0.47328007,0.7361923,4.8486767,0.65910095,20
8613,0.04999101,0.30494606,2.8804622,0.8295895,21
8614,0.9870292,0.55179304,1.8859094,0.6049625,22
8615,0.5459168,0.26486793,3.2451952,0.49336538,23
8616,0.087990515,0.42917585,1.560736,0.91031283,0
8617,0.9174428,0.31878787,1.41083,0.6870291,1
8618,0.006593622,0.5303036,1.1532729,0.5106028,2
8619,0.2793903,0.08472167,5.140772,0.7389241,3
8620,0.18103953,0.92302877,4.1535063,1.1069988,4
8621,0.1477476,0.78242654,2.3820522,1.3431411,5
8622,0.0002642328,0.2509337,0.7528498,0.7185451,6
8623,0.6885986,0.27899322,2.399039,0.4960048,7
8624,0.6313887,0.6450964,4.5552807,0.5654328,8
8625,0.9993519,0.76575935,2.401829,0.51469946,9
8626,0.26178735,0.64841163,3.140686,0.61798996,10
8627,0.4633559,0.016856527,2.8463924,0.76734674,11
8628,0.3609274,0.38926992,0.95782256,0.68065894,12
8629,0.05459197,0.4058127,2.8187933,0.62598777,13
8630,0.019168295,0.79791105,5.370573,1.0532632,14
8631,0.97872376,0.72644264,3.7996993,0.6438902,15
8632,0.9981749,0.45109376,4.3609743,0.56362134,16
8633,0.99249965,0.7873747,3.7132585,0.7098458,17
8634,0.0043073483,0.5517416,4.5058236,0.6687236,18
8635,0.88489944,0.648424,2.4956174,0.8515887,19
8636,0.014601406,0.64560074,4.506135,0.86433697,20
8637,0.7227845,0.49886906,5.0971937,0.55340236,21
8638,0.0005107445,0.6425724,1.1917657,0.9632191,22
8639,0.038897373,0.38464743,3.1985855,0.75223315,23
8640,0.8351787,0.8633972,1.5613847,0.743754,0
8641,0.31689104,0.6262491,3.222858,0.5435881,1
8642,0.07785016,0.6855713,1.5787792,1.0903078,2
8643,0.367661,0.100409746,5.765442,0.61750525,3
8644,0.52331495,0.9332363,4.5177555,0.55972403,4
8645,0.28269327,0.7957786,3.0334582,0.7007221,5
8646,0.14052723,0.74442106,0.7494771,0.64193225,6
8647,0.0649566,0.32392573,2.7105908,0.5886161,7
8648,0.9893392,0.65839905,4.345995,0.7646858,8
8649,0.75835764,0.45089036,2.2825851,0.72648275,9
8650,0.9887333,0.43065235,4.40085,0.9000739,10
8651,0.044746537,0.031926263,4.1195183,0.5646341,11
8652,0.46442038,0.25686744,1.4668001,1.0561903,12
8653,0.00026184233,0.28748742,2.381741,1.0262156,13
8654,0.019775558,0.81868035,5.1928563,1.082293,14
8655,0.6335508,0.9245113,4.8904176,0.51383764,15
8656,0.34129506,0.32742393,4.665062,0.80904686,16
8657,0.5339362,0.56939334,2.2133746,0.6704379,17
8658,0.9968509,0.51663476,4.8692794,0.3836533,18
8659,0.05504905,0.8398986,2.581571,0.48451138,19
8660,0.027491258,0.6210678,4.396773,0.50724363,20
8661,0.029423028,0.48889768,3.4982455,0.70437956,21
8662,0.5550222,0.53109574,1.3243884,0.47185305,22
8663,0.10358383,0.28575778,2.3640776,0.59123176,23
8664,0.18676537,0.73017234,2.4161031,0.7470301,0
8665,0.41466063,0.6083559,2.5091145,0.61415124,1
8666,0.004275167,0.8203288,1.2881767,0.77218306,2
8667,0.24206015,0.08677786,4.383048,0.709059,3
8668,0.99621093,0.9454599,3.9316738,0.63508344,4
8669,0.049803745,0.8841425,2.7440717,0.8476644,5
8670,2.5572647e-06,0.7234709,1.697384,0.7841004,6
8671,0.45791796,0.41400054,1.8943744,0.9359375,7
8672,0.49874017,0.5671531,3.9563897,0.89958954,8
8673,0.82861286,0.52470016,0.9710916,0.62358123,9
8674,0.5870363,0.6228274,3.5632193,0.8930204,10
8675,0.5126272,0.016260054,3.984977,0.6128076,11
8676,0.22878225,0.7223996,2.2168007,1.038288,12
8677,0.028982012,0.3683762,2.6286364,0.504348,13
8678,0.79892164,0.7160512,3.1896243,0.8269673,14
8679,0.0108605465,0.7145726,4.431978,0.8885641,15
8680,0.0020677054,0.45105466,4.3752055,0.98106766,16
8681,0.003663724,0.6717711,5.29525,0.7316811,17
8682,0.8738105,0.6814917,5.272132,0.70055497,18
8683,0.073567644,0.7567229,2.06669,0.96754545,19
8684,0.0076421085,0.7563418,4.348485,1.627151,20
8685,0.13854961,0.3068799,5.061405,0.7412776,21
8686,0.650375,0.8477109,2.1178386,0.45175582,22
8687,0.26671326,0.3611649,2.725663,0.49758714,23
8688,0.049079847,0.7594589,2.4918098,0.8913427,0
8689,0.9735153,0.3851982,1.9026592,0.7401759,1
8690,0.119395755,0.9055603,1.4492044,0.6083659,2
8691,0.81178784,0.045160927,5.3619695,1.0820704,3
8692,5.468096e-07,0.9269745,5.5506334,1.2888982,4
8693,0.03681345,0.7591441,3.8653545,1.0648146,5
8694,0.028024841,0.9131667,1.0490915,0.6822782,6
8695,0.30188212,0.1615413,1.8186933,0.8924463,7
8696,0.95359385,0.4455585,3.3718386,0.55259436,8
8697,0.267164,0.7775731,3.1329136,0.4203092,9
8698,0.4150723,0.5236186,2.7280748,0.7590399,10
8699,0.09657912,0.016003387,3.7425497,0.9493682,11
8700,0.489065,0.44694525,1.2482032,0.71355397,12
8701,0.099084415,0.2617011,1.78526,0.910892,13
8702,0.86212546,0.775754,2.567562,0.7202074,14
8703,0.8396379,0.8202919,3.7332036,0.74233997,15
8704,0.63074034,0.31966382,4.6057806,0.69968367,16
8705,0.99619544,0.62868094,2.1072273,0.3882597,17
8706,0.008139216,0.4991768,4.811433,0.5535293,18
8707,0.1882291,0.5751854,1.843431,0.55242425,19
8708,0.011913832,0.86335593,4.9059834,0.5443556,20
8709,0.9121047,0.44092622,4.2607956,0.9499146,21
8710,2.9662448e-05,0.5434846,1.4066367,1.4247388,22
8711,0.0040309727,0.24905397,2.8644223,0.8371085,23
8712,0.03242404,0.6631644,2.2597985,1.0016633,0
8713,0.6324202,0.47673368,1.4784725,0.7668075,1
8714,0.15942033,0.39603984,0.77693474,0.8800521,2
8715,0.30446213,0.058097493,3.83029,0.8271785,3
8716,0.56943494,0.88184214,4.0131645,0.68424034,4
8717,0.024354005,0.8416196,2.3605182,0.8501388,5
8718,0.47477266,0.88371956,1.0993162,0.5688102,6
8719,0.95684344,0.23901404,2.2441905,0.52624875,7
8720,0.009500025,0.52436566,4.806419,0.6929598,8
8721,0.9840438,0.5800901,1.8408889,0.5961387,9
8722,0.070652306,0.7648572,3.0274186,0.9065998,10
8723,0.008451471,0.034240894,4.4377713,0.55071855,11
8724,0.3157959,0.7063934,1.1869031,0.5784731,12
8725,0.08028778,0.41505152,3.1396308,0.7477743,13
8726,0.978296,0.8315968,3.0549774,0.66282576,14
8727,0.0017952003,0.77459645,3.678355,0.8560165,15
8728,0.062398985,0.36811012,3.5510948,0.5636781,16
8729,0.006892591,0.71251315,1.7207725,0.56398714,17
8730,0.0006302924,0.6274791,5.907963,0.7037061,18
8731,0.33644167,0.7439268,2.749524,0.699749,19
8732,0.015815778,0.6634272,5.5692043,0.5726748,20
8733,0.84857625,0.40639144,4.285891,0.8524943,21
8734,0.29267353,0.45756817,1.6314135,0.9495733,22
8735,0.39263946,0.2051198,1.566057,0.7197091,23
8736,0.02808529,0.3799046,1.2755733,0.9026903,0
8737,0.05648148,0.5214674,2.8872085,0.63539255,1
8738,0.9430074,0.98020774,1.740161,0.7959249,2
8739,0.5456501,0.057662655,5.1283226,0.8465079,3
8740,0.9998907,0.7356599,2.8624034,0.5192691,4
8741,0.90847456,0.7911465,2.9958794,0.45172054,5
8742,0.7937016,0.91172653,1.203095,0.52415603,6
8743,0.5452204,0.11769768,2.688937,0.44462997,7
8744,0.9884316,0.43786833,4.98667,0.60352093,8
8745,0.014174624,0.41228288,1.2804376,0.8080608,9
8746,0.9326432,0.5739788,3.2273526,0.69008255,10
8747,0.58397067,0.020154865,3.4658136,0.5186454,11
8748,0.22873671,0.3822448,1.2336522,1.0024077,12
8749,0.16926686,0.38447747,2.037179,0.9373987,13
8750,0.41793972,0.86228865,2.9229636,0.73328525,14
8751,0.9343986,0.78295267,2.6444535,1.143243,15
8752,0.5829542,0.41686252,3.124716,0.56933296,16
8753,1.5709957e-05,0.6860589,2.3688807,1.122461,17
8754,0.9706414,0.45750308,4.195319,0.6613011,18
8755,0.34368977,0.4284735,2.303938,0.50672233,19
8756,0.9909298,0.7764006,4.648709,0.3750379,20
8757,0.008559362,0.30464828,2.937629,0.651899,21
8758,0.7264827,0.38852262,2.0082953,0.62376755,22
8759,0.44462305,0.25997013,2.2385578,0.46784505,23
8760,0.006734775,0.59958655,1.6049774,0.77397084,0
8761,0.38804343,0.2843939,2.1411479,0.73539704,1
8762,0.0057537886,0.25074995,0.6815841,0.7837752,2
8763,0.4615124,0.056748893,6.391248,0.48145398,3
8764,0.9706664,0.7849614,3.1563954,0.8979914,4
8765,0.094176464,0.63588554,2.6240823,0.7631684,5
8766,0.9278476,0.79278237,1.7268672,0.6015029,6
8767,0.4741043,0.40638378,2.1199372,0.84188116,7
8768,0.03695044,0.42455176,4.201524,0.5721099,8
8769,0.0012646526,0.26687545,1.7793332,0.8890301,9
8770,0.9556016,0.6874937,3.5611107,0.5576942,10
8771,0.14675176,0.03429568,3.9545708,0.639793,11
8772,0.41873178,0.6805391,2.2382586,0.72248787,12
8773,0.9518333,0.47252193,2.5247934,0.6886783,13
8774,0.034654025,0.62851375,4.2297072,0.83523816,14
8775,0.016880559,0.7806326,4.4442835,0.4769868,15
8776,0.5206867,0.5206407,3.898623,0.55982685,16
8777,0.08699084,0.4045724,2.6689637,0.7985818,17
8778,0.15736827,0.5989378,4.979048,0.8641697,18
8779,0.9083678,0.77624863,2.484677,0.72668076,19
8780,0.08656101,0.79630834,4.593876,0.48686728,20
8781,0.28444833,0.4099024,3.3301177,0.8501523,21
8782,0.94567305,0.4887785,1.9442761,0.8069276,22
8783,0.737486,0.29396597,2.7779894,0.5588231,23
8784,0.28138086,0.72847414,2.7571461,0.9025466,0
8785,0.21751751,0.40854552,1.7778581,0.7214519,1
8786,0.9193118,0.6321443,1.2424393,0.8541708,2
8787,0.5387726,0.052133128,4.1546,0.6265115,3
8788,0.50172484,0.8978452,3.965075,0.64484143,4
8789,0.13446604,0.8888759,2.4954004,1.1037873,5
8790,0.07261553,0.51518375,0.48379704,0.6695726,6
8791,0.56959456,0.33409643,1.7747964,0.51613736,7
8792,0.9063332,0.39081967,3.9686944,0.58823687,8
8793,0.25750253,0.13043766,2.1583252,0.7201302,9
8794,0.46227998,0.58599496,3.6219323,0.5538471,10
8795,0.07933396,0.036499962,3.7442853,0.7540575,11
8796,0.22453359,0.33551416,1.3653529,0.86889637,12
8797,0.014138775,0.36557436,4.060591,0.7616773,13
8798,0.15658951,0.80956125,4.2567463,0.5114133,14
8799,0.001706053,0.84638125,4.436069,0.860436,15
8800,0.19611874,0.4409263,3.958248,0.98554546,16
8801,0.033829227,0.740614,3.0046425,0.8675173,17
8802,0.9330074,0.48106828,4.796417,0.67856437,18
8803,0.90558094,0.49593055,2.3040128,0.5689095,19
8804,0.75969464,0.71146524,4.6651897,0.47114846,20
8805,0.051162805,0.3836596,4.19128,0.82179844,21
8806,5.3623457e-06,0.3569503,1.8752574,1.3367099,22
8807,0.91829103,0.20956105,2.1585078,0.68280435,23
8808,0.00013902865,0.503299,1.1207701,0.65053463,0
8809,0.93939155,0.7174023,2.23595,0.60731995,1
8810,0.066400945,0.8476363,1.6647309,0.8093848,2
8811,0.38488042,0.097707056,4.118293,0.75738597,3
8812,0.08214127,0.8943717,3.842158,0.9756145,4
8813,0.2697224,0.58436465,2.356326,0.6092102,5
8814,0.24812461,0.555164,1.109228,0.7446063,6
8815,0.017437967,0.33164692,1.8639512,0.8373506,7
8816,0.17611314,0.40161806,4.5807905,0.5662168,8
8817,0.036741205,0.35098425,2.2675657,0.7632417,9
8818,0.9078503,0.7564653,4.5712366,1.0055225,10
8819,0.0015719016,0.025798187,3.2173033,0.8825633,11
8820,0.3814275,0.42113963,2.0826883,1.0183262,12
8821,0.9824223,0.31985644,1.9948457,0.6625009,13
8822,0.7673995,0.72626257,3.5639808,0.5724076,14
8823,0.009645187,0.82048464,4.0479417,0.69423383,15
8824,0.39418155,0.4114663,3.4763753,0.8066407,16
8825,0.002238085,0.68758905,2.4930742,0.5617305,17
8826,0.14714153,0.58860743,5.048137,0.58097965,18
8827,0.03822374,0.77251947,2.3024204,0.6171547,19
8828,0.41637284,0.8948444,5.2012496,0.3773841,20
8829,0.22718173,0.36722046,4.3958006,0.7420434,21
8830,0.9958929,0.5235235,1.6302981,0.5493822,22
8831,0.03368469,0.1750174,2.7194872,0.8711139,23
8832,0.001701439,0.30092436,1.1889019,0.73031014,0
8833,0.021347828,0.40308127,2.3367336,0.8838122,1
8834,0.86210674,0.61873156,1.7532177,0.7843305,2
8835,0.42119393,0.03937467,6.17544,0.6168566,3
8836,0.00072251685,0.9244113,3.372371,1.0358999,4
8837,0.006389883,0.9117183,2.7598839,0.6192668,5
8838,0.6971637,0.36475548,0.84277856,0.6294212,6
8839,0.043240752,0.4908326,2.8463569,0.84837437,7
8840,0.00039994446,0.61725885,4.4482117,0.6431019,8
8841,0.7352523,0.24940863,1.5615544,0.56675494,9
8842,0.59254456,0.5422244,3.6417553,0.6649425,10
8843,0.0011083579,0.037761293,3.1489656,0.5175554,11
8844,0.4677691,0.4902173,1.4995666,0.95170903,12
8845,0.007831991,0.52410954,4.3656425,0.5938381,13
8846,0.498692,0.78512627,2.2622097,0.6347639,14
8847,5.085456e-05,0.8571937,4.264356,1.1041944,15
8848,0.3107827,0.38523954,4.2608995,1.0130537,16
8849,0.8237643,0.5623546,4.1392846,0.78393275,17
8850,0.003620075,0.38544127,3.7128952,0.89373696,18
8851,0.063492626,0.7670686,2.8942955,0.45653018,19
8852,0.73887557,0.79241645,5.1761365,0.7398454,20
8853,0.0019575926,0.4423846,4.043539,0.92264485,21
8854,0.019185988,0.58731097,1.5734329,0.8537153,22
8855,0.9853424,0.2236781,2.6903434,0.456562,23
8856,7.004469e-05,0.74026996,1.9717311,1.0865386,0
8857,0.47779524,0.67221755,2.3240466,0.65725017,1
8858,0.9207307,0.38414386,1.2186999,0.87803775,2
8859,0.35179594,0.0641425,5.036227,0.822839,3
8860,0.00040292038,0.7737969,2.9803357,0.94369614,4
8861,0.7525691,0.5790723,4.419517,0.5412313,5
8862,0.9953353,0.8973924,1.3373544,1.0138483,6
8863,0.19927548,0.3241968,2.0548005,0.52672756,7
8864,0.085477166,0.5016911,3.931157,0.80996585,8
8865,0.0032675362,0.16813476,1.8699933,0.9836767,9
8866,0.014298444,0.5523665,2.7816954,0.9049645,10
8867,0.7509958,0.038024876,3.8002226,0.5365715,11
8868,0.6188099,0.36183816,1.2441609,0.8669996,12
8869,0.034206692,0.3816169,3.2927508,0.70465827,13
8870,0.7947422,0.47357818,3.3347104,0.6973172,14
8871,0.0046441997,0.47556743,3.3563476,1.3667953,15
8872,0.21982548,0.41005564,5.5722575,1.1112105,16
8873,0.0018574338,0.67093843,4.2022543,0.5565132,17
8874,0.94634354,0.6678632,5.4663353,0.5992683,18
8875,0.9555684,0.5414632,1.7832875,0.8459943,19
8876,0.003978676,0.7261211,4.649819,0.7415532,20
8877,0.009540466,0.46296278,4.738262,0.7866311,21
8878,0.44636354,0.5976137,2.0598416,0.74913764,22
8879,0.9340363,0.26291317,2.3979785,0.4629527,23
8880,0.14247218,0.337735,2.4879148,1.07602,0
8881,0.06569507,0.6271482,2.57333,1.1919223,1
8882,0.90117776,0.9353735,0.7321551,0.54352695,2
8883,0.20732982,0.061955366,4.3171625,0.61984205,3
8884,0.43943903,0.8143673,4.3826394,0.50646925,4
8885,0.21722898,0.8198383,2.5831957,0.682972,5
8886,0.0065345056,0.434414,1.7378578,0.9197629,6
8887,0.003712154,0.612338,2.745341,1.2471648,7
8888,0.008928798,0.42838416,3.5170512,0.83249867,8
8889,0.04835518,0.58398026,1.6526101,0.7079589,9
8890,0.604133,0.38813686,3.392466,0.6282696,10
8891,0.011882416,0.017305123,2.3873072,0.8121658,11
8892,0.22512986,0.5853177,1.7771308,0.8675815,12
8893,0.00011039495,0.48438755,3.479829,0.6277497,13
8894,0.000306527,0.74359345,4.4250865,1.1067044,14
8895,0.43724257,0.7413587,3.7384968,0.768539,15
8896,0.38979158,0.32760006,3.6343524,0.81001216,16
8897,0.13518733,0.78716063,2.5842988,0.73115957,17
8898,0.285572,0.67018676,4.8733163,0.833231,18
8899,0.7102745,0.7419354,2.4940703,0.76472825,19
8900,0.07716735,0.7225109,4.0593295,0.7081628,20
8901,0.02508376,0.4581018,3.791629,0.5431664,21
8902,0.63565415,0.67022663,1.5667131,0.6579577,22
8903,0.6353779,0.32076973,2.6616242,0.65691227,23
8904,0.00012998199,0.5920076,2.524457,0.98948056,0
8905,0.035023503,0.559877,1.754262,0.68714523,1
8906,0.032474402,0.42445973,0.8805549,0.73233575,2
8907,0.2059442,0.074208096,5.4954357,0.7551462,3
8908,0.17572296,0.8267135,4.643142,1.1302643,4
8909,0.57507473,0.7693963,2.9943178,0.581036,5
8910,0.3487196,0.7771089,1.4203551,0.86319923,6
8911,0.98380166,0.21735659,2.889054,0.53603643,7
8912,0.039788935,0.41379133,3.6952596,0.6739491,8
8913,0.00634201,0.22294095,1.6551933,0.590769,9
8914,0.27940878,0.58086634,2.445559,0.8705354,10
8915,0.5075856,0.06666162,4.928341,0.663679,11
8916,0.2758087,0.4473183,1.8881402,0.71835303,12
8917,0.7912708,0.1659103,2.5735393,0.4764262,13
8918,0.072679035,0.8853711,4.577311,0.62387455,14
8919,0.0074987044,0.54114157,3.334676,0.76789886,15
8920,0.9772675,0.48466656,4.16009,0.61338556,16
8921,0.84015554,0.5374541,2.8390286,0.5832757,17
8922,0.0010901786,0.46998516,4.1336274,0.5083665,18
8923,0.008114624,0.8037296,2.9840498,0.8094586,19
8924,0.015349421,0.6413206,3.9576473,0.90027463,20
8925,0.5409222,0.3182939,3.4121344,0.7376954,21
8926,0.3631802,0.7662857,1.5193038,0.84306824,22
8927,0.9636715,0.25712505,2.45412,0.7768861,23
8928,0.9801497,0.79346746,2.5999036,0.55728245,0
8929,0.027120387,0.6420284,1.4355332,0.63178784,1
8930,0.96719176,0.5789239,1.581039,0.68716383,2
8931,0.58835196,0.05223102,5.273864,0.76291555,3
8932,0.002534112,0.5877319,3.7016387,0.9140182,4
8933,0.12017008,0.5649975,3.1169076,0.65702444,5
8934,0.99432606,0.6209436,1.0757945,0.55563295,6
8935,0.038329866,0.72035235,2.1283982,1.1004511,7
8936,9.991933e-06,0.5662741,4.069592,0.77043307,8
8937,5.7286663e-05,0.752021,1.8070394,1.0035222,9
8938,0.14881289,0.5633255,2.374488,0.9291353,10
8939,0.5724147,0.024228096,3.4465168,0.71880877,11
8940,0.5069214,0.7321883,1.6389595,1.0493788,12
8941,0.8389261,0.13702573,2.2027347,0.6761206,13
8942,0.2605676,0.82816434,3.4103322,0.6281998,14
8943,0.10719881,0.62711215,3.3336818,0.77033913,15
8944,0.00035964933,0.29631427,2.95222,0.9184808,16
8945,0.0062544253,0.46279085,2.1986473,0.94059193,17
8946,0.039111134,0.59647787,4.9193687,1.373731,18
8947,0.71787435,0.78249717,2.2892888,0.6064796,19
8948,0.51478875,0.60448784,3.9203973,0.74123895,20
8949,0.17265639,0.30566722,4.6817145,0.45649368,21
8950,0.9999962,0.82281685,2.1558144,0.32823437,22
8951,0.17826506,0.23418076,3.4236426,0.47368672,23
8952,0.62420344,0.59336966,2.4310212,0.7270558,0
8953,0.013297171,0.7460204,2.2860208,1.1194613,1
8954,0.09308471,0.750865,1.4951949,0.52838075,2
8955,0.43037632,0.07137145,4.4443145,0.6459927,3
8956,0.7728771,0.8753209,4.526181,0.829214,4
8957,0.5474609,0.7445131,2.1474092,0.45068774,5
8958,0.036773216,0.49889192,1.1529288,0.67878497,6
8959,0.006799576,0.5181071,2.270803,0.932774,7
8960,0.37132293,0.43864742,4.2331777,0.62870646,8
8961,0.00029722136,0.70706,2.008559,0.8508527,9
8962,0.036886193,0.4352424,3.2993665,0.6315161,10
8963,0.21203342,0.025398882,4.198685,0.5810919,11
8964,0.36620933,0.42066473,1.247455,0.81795967,12
8965,0.062046885,0.51144016,2.6358232,0.8029949,13
8966,0.39217117,0.7701697,4.015869,0.96956444,14
8967,0.9764681,0.79674995,3.2751048,0.38159359,15
8968,0.34097803,0.34256673,4.7493224,0.77815706,16
8969,0.8732862,0.78075725,4.012308,0.6100832,17
8970,0.14127691,0.49178067,4.900537,0.548536,18
8971,0.008833768,0.6148732,2.6079626,1.137424,19
8972,0.20708187,0.76133513,4.25754,0.7003223,20
8973,0.12623274,0.47407365,3.490656,0.9529508,21
8974,0.3357084,0.6121741,1.9218857,0.53824246,22
8975,0.891535,0.1857756,1.8614075,0.79510677,23
8976,0.0030213129,0.42046377,1.2568842,0.7048864,0
8977,0.23680043,0.64735305,1.3976119,0.7023337,1
8978,0.0858388,0.5433788,1.428765,0.62621504,2
8979,0.6449869,0.06070097,5.4036894,0.80412984,3
8980,0.9083508,0.7902683,4.348006,0.68095833,4
8981,0.12094813,0.59386814,2.9613528,0.5008079,5
8982,0.027901014,0.1867118,0.45741326,1.103939,6
8983,0.010254466,0.37508103,2.3898826,0.93840545,7
8984,0.88384014,0.41699943,3.7547886,0.7530507,8
8985,0.005708667,0.5417501,2.0531888,1.0963,9
8986,0.13573052,0.70747894,2.3728342,0.8208834,10
8987,0.9668142,0.018379783,4.044847,0.6567564,11
8988,0.52289784,0.2649604,1.3654804,0.9262472,12
8989,0.0051807007,0.28988758,1.8650203,0.7356998,13
8990,0.59309113,0.81195235,3.645779,0.76903254,14
8991,0.056976628,0.8735491,3.3625438,0.5906997,15
8992,0.6687736,0.44506007,3.6363337,0.7721442,16
8993,0.9899104,0.62201667,3.0979528,0.6164468,17
8994,0.006659786,0.5441889,5.141718,0.76413625,18
8995,4.0090716e-05,0.5948923,2.6765866,0.8610432,19
8996,0.030238895,0.7122025,4.259012,0.5892364,20
8997,0.84396374,0.41590017,4.041424,0.7777287,21
8998,0.99995875,0.80510306,1.9633204,0.5614585,22
8999,0.15533368,0.4069481,3.0087986,0.6336132,23
9000,7.6230995e-06,0.5070229,1.3834202,1.441651,0
9001,0.91292983,0.55907667,1.5478312,0.9645253,1
9002,0.9630944,0.7468917,1.3773184,0.7197217,2
9003,0.48811308,0.044091135,5.207223,0.7829969,3
9004,0.978613,0.7800811,3.5203438,0.67788625,4
9005,0.79576886,0.79148865,2.844183,0.5552388,5
9006,0.8202959,0.80370665,1.0159006,0.69193214,6
9007,0.9743842,0.3615292,2.2134094,0.5586728,7
9008,0.00053032173,0.32376593,4.0229387,0.5939201,8
9009,0.9730216,0.36678627,2.9117799,0.8506887,9
9010,0.24568109,0.6113376,2.4450178,0.7715192,10
9011,0.00051639066,0.023775442,3.3011746,0.66848695,11
9012,0.13571857,0.72942835,2.0741057,0.5623059,12
9013,0.0018194919,0.33880097,2.6236696,0.84454215,13
9014,0.15145423,0.7851097,4.6033163,0.6326998,14
9015,0.98481315,0.68784994,4.1491013,0.87954724,15
9016,0.83778375,0.4064474,4.753748,0.68521476,16
9017,0.18164107,0.59146327,2.691681,0.96950114,17
9018,0.0007498886,0.7001027,6.2067933,0.7278973,18
9019,0.25573125,0.6786634,2.5695033,0.6523413,19
9020,0.0015236622,0.70848817,4.176715,0.8559627,20
9021,0.3430508,0.3351458,3.5811806,0.52961,21
9022,0.96907526,0.82432926,2.0333579,0.441902,22
9023,0.25854176,0.28200036,2.6522684,0.54308635,23
9024,0.0024981056,0.6069879,2.3598607,0.8840576,0
9025,0.06774565,0.307436,1.7457411,0.6408788,1
9026,0.2969176,0.81033593,1.1466398,0.72794104,2
9027,0.65286374,0.050781414,5.4269543,0.67815804,3
9028,0.033088543,0.80290705,4.241325,0.80870175,4
9029,0.26252222,0.8434914,3.049255,0.4028054,5
9030,0.6999282,0.75546616,0.9188132,0.7926828,6
9031,0.30939,0.3040714,2.4570453,0.70477897,7
9032,0.400107,0.32038864,3.652387,0.5753882,8
9033,0.34699664,0.3422932,1.5990077,0.7680207,9
9034,0.702252,0.5393478,3.659162,0.76187754,10
9035,0.03567827,0.03551928,2.9076455,0.85844326,11
9036,0.2920717,0.36961567,1.4895244,0.77938884,12
9037,0.0002372615,0.34227577,2.2973907,1.2303447,13
9038,0.6777349,0.7311621,4.3636045,0.79264456,14
9039,0.01390132,0.5843341,4.9731545,0.6636897,15
9040,0.024152536,0.25904772,3.4802577,0.8635891,16
9041,0.99868494,0.5369915,2.7009394,0.45103636,17
9042,0.7513991,0.68112004,6.730815,0.6647956,18
9043,0.76785743,0.5391509,2.5040557,0.54091996,19
9044,0.52441114,0.80729276,4.5705132,0.57538515,20
9045,0.037904773,0.57727,4.2514553,1.0431455,21
9046,0.66939324,0.5361349,1.64307,0.51218516,22
9047,0.8779966,0.32053092,2.551378,0.7028122,23
9048,0.8217238,0.6565126,2.0857737,0.5062461,0
9049,0.43143624,0.22188377,1.8286881,1.1226628,1
9050,0.1712055,0.5250279,1.7160724,0.8198143,2
9051,0.12914775,0.090462916,4.9593163,0.77499413,3
9052,0.9999317,0.88893545,3.2025194,0.45276016,4
9053,0.9597799,0.9553638,2.7924469,0.722416,5
9054,0.0046200287,0.9269835,1.4198984,0.62230045,6
9055,0.10976929,0.31083536,3.005335,0.6731686,7
9056,0.8511003,0.47378093,4.7538276,0.5457394,8
9057,0.33712807,0.66225845,1.7726684,0.72301257,9
9058,0.2202831,0.38980767,3.3749237,0.7363331,10
9059,0.5991565,0.018641258,2.9663887,0.6431227,11
9060,0.32644278,0.7961868,2.0453563,0.9736773,12
9061,0.98448515,0.29442367,2.4336581,0.8199278,13
9062,0.10940866,0.60885143,3.7293317,0.7276643,14
9063,0.0014219838,0.71474695,4.3473654,1.017621,15
9064,0.0021498133,0.3015357,2.8085032,1.3003451,16
9065,0.0046144035,0.60307986,2.5270252,0.76395583,17
9066,0.014878494,0.46082827,5.1701665,0.6000818,18
9067,0.029592428,0.40305015,1.9179151,0.72343886,19
9068,0.00011503469,0.53162944,3.9554024,1.0556502,20
9069,0.0756366,0.3966497,4.0729074,1.1858478,21
9070,0.26850417,0.7476958,1.6422881,0.87694734,22
9071,0.8113729,0.37807667,2.4877596,0.64014906,23
9072,0.001579212,0.47417864,2.1427908,0.7441943,0
9073,0.012518379,0.38945326,2.4982066,1.1421509,1
9074,0.07905532,0.8755082,1.1782861,0.96840584,2
9075,0.21923213,0.074010454,4.6136255,0.7849097,3
9076,0.008212183,0.728032,3.0039666,0.71047163,4
9077,0.5328369,0.9145594,3.2582352,0.87769693,5
9078,0.00010422576,0.60241556,1.102677,0.7731823,6
9079,0.50401497,0.21905532,2.1478293,0.53813857,7
9080,0.25314498,0.47459194,5.409498,0.5895741,8
9081,0.032499343,0.42867872,1.697513,0.65613514,9
9082,0.032839227,0.56037223,3.9279933,0.774905,10
9083,0.24122752,0.024612412,2.5745988,0.92543095,11
9084,0.28585717,0.60439175,1.4491773,0.6964785,12
9085,0.53481436,0.32609656,2.671015,0.5244103,13
9086,0.9995912,0.6826143,3.3434284,0.4636045,14
9087,0.8324999,0.8990905,3.790666,0.63323224,15
9088,0.5806407,0.35694283,3.8223407,0.45598328,16
9089,0.0026126637,0.7463011,3.036771,0.530705,17
9090,0.17721973,0.62726957,4.2342386,0.8076033,18
9091,0.007057116,0.69262075,2.0486455,0.4135242,19
9092,0.023106135,0.8013196,2.9864368,0.89450234,20
9093,0.07731617,0.4487953,3.586013,0.74829525,21
9094,0.012948453,0.6506707,0.92681766,0.49114275,22
9095,0.0146397455,0.29628813,3.3209097,0.6095218,23
9096,0.21010473,0.65016645,1.9671581,0.66963786,0
9097,0.14678001,0.24887164,1.7409776,0.59972584,1
9098,0.1789863,0.4432115,1.913612,0.8716654,2
9099,0.48793274,0.055708647,4.76193,0.7547511,3
9100,2.351789e-06,0.90029097,4.514612,1.5619748,4
9101,0.9647374,0.7845302,2.3285034,0.45458856,5
9102,1.8440356e-06,0.7787696,0.8677942,1.0934157,6
9103,0.76403123,0.18448721,1.5473467,0.49059147,7
9104,0.7155732,0.54592854,5.6952486,0.678911,8
9105,0.92343897,0.88223845,2.2871497,0.8109851,9
9106,0.9692496,0.5840124,2.9663417,0.62578565,10
9107,0.50068843,0.020345047,4.436271,0.49599376,11
9108,0.40212148,0.77299273,1.3974868,1.3976985,12
9109,0.042649265,0.29244635,2.0658262,0.844488,13
9110,0.48800588,0.8410703,4.1776857,0.7135261,14
9111,0.0049862424,0.81681687,3.1955614,0.8200967,15
9112,0.22952278,0.46359864,4.40961,0.6683291,16
9113,0.3220266,0.50415057,2.2777233,0.689028,17
9114,0.056788407,0.54487354,5.21301,0.8191863,18
9115,0.21950941,0.58420825,2.086588,0.6792786,19
9116,0.44623294,0.80949056,5.2306566,0.5768789,20
9117,0.3573744,0.345122,3.4847388,0.48309627,21
9118,0.0005462187,0.5516642,3.0606866,0.8759736,22
9119,0.5592201,0.31561577,2.5571048,0.62003255,23
9120,0.005230496,0.6343593,1.6811622,0.9679587,0
9121,0.86897063,0.28013417,2.1865485,0.64986384,1
9122,0.8630066,0.40420964,1.8571724,0.85551465,2
9123,0.41293144,0.080441326,5.2141056,0.65929586,3
9124,3.0432773e-07,0.89042485,4.001474,1.8176413,4
9125,0.06714207,0.8171896,3.0603342,0.7981901,5
9126,0.074690185,0.5329376,0.6910368,0.73444426,6
9127,0.039654616,0.451028,1.7400199,0.8447944,7
9128,0.17315257,0.40016028,3.8962805,0.5235524,8
9129,0.99007976,0.81822485,2.8690171,0.6122282,9
9130,0.9397198,0.51778835,3.2501209,0.89743865,10
9131,0.15004078,0.018241681,3.6177554,0.62431693,11
9132,0.49311987,0.88755375,1.5043844,0.584495,12
9133,0.026760064,0.48998982,2.9343476,1.099522,13
9134,0.6564868,0.8509778,3.3656101,0.7318762,14
9135,0.88464725,0.7777072,4.0439467,0.71658164,15
9136,0.18335813,0.3715781,4.2185087,0.6047836,16
9137,0.5927223,0.6725473,2.0078347,0.59105,17
9138,0.91132814,0.37369347,4.498803,0.45812863,18
9139,0.8482749,0.8632754,2.875531,0.6998303,19
9140,0.017146083,0.8198936,5.866186,0.7056905,20
9141,0.6861431,0.28764322,2.946428,0.73055756,21
9142,0.016872656,0.66877824,1.9923519,0.71468896,22
9143,0.21111612,0.21439815,3.4044585,0.6155265,23
9144,0.03022221,0.49077633,1.8220236,0.7366156,0
9145,0.07804558,0.36704668,1.5113903,0.5989659,1
9146,0.5631573,0.30104113,1.3994122,1.069044,2
9147,0.7364847,0.07187469,5.0503426,1.0633584,3
9148,1.3367045e-05,0.8569911,4.280247,0.7924373,4
9149,0.684223,0.5494621,2.5619543,0.77906257,5
9150,0.9195064,0.97931516,1.5255945,0.4454052,6
9151,0.026371546,0.41754135,2.5195193,0.7551572,7
9152,0.77726245,0.4538521,4.839777,0.7575547,8
9153,0.0050432435,0.63925445,2.249466,1.0979847,9
9154,0.04511137,0.59501123,3.3196733,0.8209969,10
9155,0.0047051893,0.030193916,3.390016,0.74646544,11
9156,0.1144473,0.5672828,1.3092842,0.7780715,12
9157,1.9830908e-05,0.2583141,2.702374,0.6163901,13
9158,0.1422153,0.5835377,3.6062253,0.557475,14
9159,0.0011684613,0.88220525,4.6100025,0.57100725,15
9160,0.86719906,0.5684164,5.154624,0.7701042,16
9161,0.0051872907,0.60798335,3.4281507,0.6178483,17
9162,0.58408445,0.6517423,4.5823298,0.7476354,18
9163,0.012485766,0.7828362,2.358959,0.93309695,19
9164,0.0020832017,0.6543574,4.1303244,0.8922709,20
9165,0.95611197,0.33815074,4.083007,0.5240897,21
9166,0.53903574,0.75714666,1.0407586,0.81228435,22
9167,0.032026112,0.3955968,3.2811186,0.7864276,23
9168,0.58268225,0.78172374,2.9484076,0.6479811,0
9169,0.34033084,0.595301,2.3291068,0.93030685,1
9170,0.75117415,0.08388416,0.97565746,0.6218546,2
9171,0.7176793,0.054241486,4.4926453,0.66121054,3
9172,0.003428662,0.9170288,3.4374485,1.0402938,4
9173,0.06499615,0.82947963,2.8107238,0.5702828,5
9174,0.9316579,0.3681624,0.7431685,0.6487342,6
9175,0.053925846,0.60314184,1.6403378,0.8125076,7
9176,0.0004917519,0.3924556,4.3255525,1.050733,8
9177,0.0004060992,0.31142393,2.2380607,0.8939383,9
9178,0.6107593,0.46024442,3.1137114,0.9869534,10
9179,0.75651914,0.044045195,5.276639,0.52747834,11
9180,0.39915523,0.7504629,2.3933082,0.93209195,12
9181,0.00011420316,0.51143247,3.9381611,0.96156865,13
9182,0.084991924,0.8686318,3.1555545,0.751256,14
9183,0.0009633729,0.8500072,3.9856925,0.70486736,15
9184,0.01736213,0.2623126,2.8634486,1.2967119,16
9185,0.6415988,0.5492002,3.710926,0.6636201,17
9186,0.0029095667,0.6339483,4.890748,0.69915175,18
9187,0.4257041,0.75214785,2.823311,0.6101906,19
9188,0.783285,0.6028036,3.0691812,0.84788597,20
9189,0.2454818,0.46175912,3.6764708,0.8560365,21
9190,0.9760394,0.62176746,1.2169158,0.73380804,22
9191,0.29824713,0.2509098,2.4964705,0.57049084,23
9192,4.5594454e-05,0.8011389,2.1341734,1.1532043,0
9193,0.01288021,0.42825145,2.060534,0.6565011,1
9194,0.2533662,0.79160213,1.5031347,1.048009,2
9195,0.3792707,0.0691286,6.1638107,0.84204227,3
9196,0.041999392,0.9260375,3.0972278,1.1346084,4
9197,0.012254907,0.9097858,2.5570586,0.8209556,5
9198,0.25808817,0.804385,0.9874271,0.57755375,6
9199,0.00333532,0.7133208,2.540227,0.92301655,7
9200,0.0071729585,0.48179904,5.927991,0.77888894,8
9201,0.008764867,0.15835972,2.0105443,0.8830694,9
9202,0.3177016,0.62920415,3.209323,0.50163364,10
9203,0.012217763,0.03725605,3.6268454,0.8386349,11
9204,0.58575654,0.1719609,1.3018311,0.681437,12
9205,0.0046712933,0.305016,2.0130012,0.93272614,13
9206,0.054239515,0.67556095,4.4964213,0.8085271,14
9207,0.5878485,0.6692872,3.009688,0.84250295,15
9208,0.8272955,0.3640956,4.853007,0.55290985,16
9209,0.5761397,0.58723587,2.5768538,0.6225322,17
9210,0.48885825,0.37610087,4.8500905,0.7330774,18
9211,0.065786764,0.44513357,1.7071297,0.9189528,19
9212,0.99131495,0.69269276,3.40845,0.39160338,20
9213,0.1473583,0.39599884,4.3236136,1.0235198,21
9214,0.9535802,0.5458246,1.5896971,0.6285583,22
9215,0.0025752222,0.29548904,2.7940776,0.57438755,23
9216,0.4085112,0.57987493,1.8156756,0.6717247,0
9217,0.2878929,0.54472905,1.9931991,0.77107227,1
9218,0.755241,0.609887,1.3008399,0.7583416,2
9219,0.87205666,0.06821444,4.943498,0.92712307,3
9220,3.7677495e-07,0.9008119,4.6296964,1.1231259,4
9221,0.02557251,0.7624725,3.2612324,0.71348095,5
9222,0.99915636,0.9691427,1.2011577,0.7340339,6
9223,0.03189363,0.55019957,2.3162022,0.9928728,7
9224,0.51544464,0.3638726,3.8909032,0.55467856,8
9225,0.06590359,0.510672,2.0617518,0.5747516,9
9226,0.41492987,0.5437452,3.56884,0.7983221,10
9227,0.113369346,0.02139773,3.1485982,0.6637102,11
9228,0.3440895,0.44004655,1.7826321,0.75024694,12
9229,0.85180074,0.32043642,2.4510536,0.58242357,13
9230,0.0016279722,0.4317208,4.653928,0.5659364,14
9231,0.0014224403,0.63453346,3.484353,1.1000688,15
9232,0.9144333,0.4197336,4.1199117,0.6369107,16
9233,0.003707908,0.7548809,1.7326795,0.8100798,17
9234,0.0040326235,0.4215392,5.715041,0.6202783,18
9235,0.005349478,0.79780686,2.7446618,0.6850731,19
9236,0.010849692,0.667763,4.0077353,0.80069447,20
9237,0.07998998,0.40308714,3.2298496,0.84881055,21
9238,0.008124724,0.7161479,1.4700359,0.63138366,22
9239,0.8741817,0.11664592,3.115946,0.51825947,23
9240,0.0636067,0.91180927,3.1451225,0.9355563,0
9241,0.5567102,0.28623646,1.6719645,0.6377171,1
9242,0.05375485,0.60842437,1.6223867,0.7483971,2
9243,0.40280092,0.06871292,6.4723177,0.6798819,3
9244,0.19994463,0.7804844,4.373813,0.6104236,4
9245,0.13911146,0.68652743,3.2116752,0.6690177,5
9246,0.00147254,0.8257785,1.0385866,0.6830468,6
9247,0.0014103847,0.59358454,1.9585496,0.78940845,7
9248,0.8533981,0.3893722,4.38616,0.47694445,8
9249,0.8217543,0.5132987,1.2884016,0.67153245,9
9250,0.22780304,0.67776644,2.7964158,0.6093338,10
9251,0.1068301,0.019376645,3.2241244,0.6281507,11
9252,0.2844655,0.48473877,0.8671964,0.765687,12
9253,0.9474205,0.5960958,2.5587513,1.0284326,13
9254,0.3188547,0.62482554,4.690603,0.74688107,14
9255,0.10021809,0.88678485,3.1734533,0.57027406,15
9256,0.0033313977,0.33051622,5.022644,1.1671625,16
9257,0.9880661,0.623072,2.8197107,0.6606506,17
9258,0.98004913,0.60350186,5.4420433,0.5884864,18
9259,0.13398978,0.44269425,2.480268,0.80648506,19
9260,0.40728232,0.6851614,3.402971,0.690293,20
9261,0.6462667,0.2929676,3.1012251,0.4713647,21
9262,0.002157308,0.719542,1.6118194,0.85308963,22
9263,0.0037242717,0.31593347,2.3079748,0.5736575,23
9264,0.18783565,0.38154733,1.7273325,0.56807566,0
9265,0.88422954,0.5455844,2.0067277,0.53336215,1
9266,0.8034039,0.4473292,1.1783386,0.8803053,2
9267,0.6475093,0.04427206,5.558774,0.7873285,3
9268,0.06053518,0.9052513,4.0263095,0.6051944,4
9269,0.05791559,0.7774803,1.7852455,0.8290387,5
9270,0.041528765,0.7887581,1.0602071,0.8960221,6
9271,0.26268622,0.3924301,2.8589778,0.55379903,7
9272,0.18593627,0.44282454,3.5963087,0.6043316,8
9273,0.90283984,0.6185151,1.5037715,0.53739876,9
9274,0.22552325,0.65887755,3.4413795,0.49443775,10
9275,0.038176164,0.04952717,4.075649,0.6624712,11
9276,0.5867219,0.51569635,1.448757,1.1202775,12
9277,0.21001218,0.55901355,2.7138135,0.9934116,13
9278,0.2743827,0.7926081,3.0017123,0.64438546,14
9279,0.026041774,0.7392101,3.559208,0.69500506,15
9280,0.80500597,0.35510433,3.4636497,0.7566881,16
9281,0.012414241,0.5269386,2.154666,0.6157202,17
9282,0.056372337,0.45616263,4.808387,0.82639843,18
9283,8.877642e-06,0.59578615,2.7715204,0.85775185,19
9284,0.8182221,0.79873097,5.484852,0.40186614,20
9285,0.029560594,0.47329432,3.1086981,0.57219434,21
9286,0.9986468,0.62939113,1.4163591,0.7630691,22
9287,0.99934024,0.25216085,2.6558142,0.672907,23
9288,0.009841349,0.50775635,2.1887584,0.7999084,0
9289,0.1369599,0.67381823,2.3456395,0.75973624,1
9290,0.012105368,0.101531796,1.022668,0.71011895,2
9291,0.39384097,0.094490886,5.7697654,0.9009063,3
9292,0.49058712,0.70421565,5.0250006,1.0182226,4
9293,0.027636388,0.85535914,2.5388372,0.8927789,5
9294,0.0005423173,0.53270406,0.8929149,1.1900431,6
9295,0.41216764,0.3706744,2.013811,0.63128227,7
9296,0.7011562,0.47050658,3.9041831,0.69622165,8
9297,0.9989623,0.51615006,1.1707504,0.6845352,9
9298,0.23071027,0.4986549,1.9782274,0.83524615,10
9299,0.6427214,0.026300132,3.7481484,0.7660598,11
9300,0.5102546,0.52575046,1.022344,0.9111625,12
9301,0.012733289,0.38928473,4.021388,0.78931916,13
9302,0.00061462366,0.5552656,4.095828,0.9862247,14
9303,0.0125913685,0.8845491,3.650012,0.6191637,15
9304,0.18035428,0.29988277,4.003881,0.73322046,16
9305,7.1437265e-05,0.35687324,1.9343191,0.7429817,17
9306,0.9992248,0.7294176,4.2635117,0.95844495,18
9307,0.00016008814,0.5746457,1.9938349,1.1390367,19
9308,0.52765554,0.7882269,4.063941,0.6226375,20
9309,0.067518346,0.487861,3.0888462,0.82624364,21
9310,0.044628367,0.325206,1.6789556,0.67133963,22
9311,0.92807376,0.17630287,2.590648,0.5856777,23
9312,0.07090384,0.4739803,2.278163,0.638746,0
9313,0.22437194,0.29125574,1.3522385,0.55588865,1
9314,0.32487524,0.8065658,1.1744231,0.8885987,2
9315,0.68829346,0.056132093,5.0046086,0.99087244,3
9316,0.034708817,0.9347668,4.393382,0.69149846,4
9317,0.006728401,0.61913735,2.481173,0.9598872,5
9318,0.5621805,0.8341392,1.1031561,0.5744617,6
9319,0.01687968,0.40359107,1.6447875,0.59970444,7
9320,0.99175406,0.45888206,4.0054655,0.5136048,8
9321,0.00028465767,0.89004517,2.676814,0.72864246,9
9322,0.0014935303,0.5252946,3.3478117,1.0140194,10
9323,0.027497392,0.03414636,3.1722417,0.7790749,11
9324,0.2990182,0.40831175,0.9183255,0.9074875,12
9325,0.08195925,0.49617556,2.1121652,0.7471394,13
9326,0.413307,0.7808356,3.834995,0.60572636,14
9327,0.55846983,0.6655875,3.0090926,0.7598736,15
9328,0.97259074,0.5631908,4.1276245,0.7496134,16
9329,0.012876919,0.5138066,2.8270257,1.0611889,17
9330,0.04726135,0.5111005,5.329542,0.55010927,18
9331,0.04631464,0.86436975,2.5169775,0.89865303,19
9332,0.03481026,0.68122894,3.945312,0.8215463,20
9333,0.0052151266,0.47771823,4.143422,0.9106085,21
9334,0.0143878795,0.7614879,1.9185858,0.7088185,22
9335,0.494115,0.41686103,3.4116397,0.62889457,23
9336,0.020499429,0.5211083,2.4411778,0.9337994,0
9337,0.0032963005,0.50319034,2.1825643,0.76335734,1
9338,0.68979895,0.9758833,1.0980861,0.90270615,2
9339,0.24775364,0.088213705,4.8016515,0.6057228,3
9340,0.882444,0.788944,3.9313123,0.44070348,4
9341,0.2188614,0.7511131,3.4309454,0.6980342,5
9342,0.09500011,0.8090038,0.9725015,0.61447823,6
9343,0.00588797,0.35097346,2.3371468,1.2214221,7
9344,0.018956583,0.48515844,3.0075336,0.8895569,8
9345,0.7196415,0.42068234,2.0501437,0.5781763,9
9346,0.46493942,0.56058854,2.6405158,0.5081458,10
9347,0.085288204,0.02756643,3.4272623,0.7448619,11
9348,0.34334844,0.6598401,1.4451646,0.6696968,12
9349,0.0052242824,0.30684486,2.2901433,0.75225425,13
9350,0.7047687,0.8798096,3.7369726,0.89077103,14
9351,0.20463505,0.85403514,3.0667186,0.81850314,15
9352,0.02249177,0.37708443,3.8257935,0.75114185,16
9353,0.22160973,0.6969521,4.030636,1.0793939,17
9354,0.0010313365,0.6641076,5.259778,0.9056967,18
9355,0.79380214,0.7761654,2.227731,0.8531305,19
9356,0.0023628722,0.7609562,4.691991,1.1152188,20
9357,0.033216976,0.38667393,3.818574,0.67702645,21
9358,0.000519439,0.59393376,1.6765926,0.78184336,22
9359,0.038759105,0.24856272,3.026339,0.9883035,23
9360,0.38612753,0.82214904,2.0069582,0.7329776,0
9361,0.71309227,0.54724467,1.8809826,0.62574387,1
9362,0.56684995,0.87086964,1.2542449,0.6483876,2
9363,0.10570769,0.09241248,5.392236,0.71198356,3
9364,0.22678523,0.8828933,4.4700856,0.6879066,4
9365,0.540328,0.7880919,1.9254388,0.82170784,5
9366,0.004081536,0.54067713,0.9617348,0.7479812,6
9367,0.10031006,0.3841935,2.203615,0.9593066,7
9368,0.95366985,0.6027851,4.6209817,0.74380153,8
9369,0.004691492,0.2779076,2.147031,0.6390793,9
9370,0.48542818,0.55339074,2.6910453,0.66026455,10
9371,0.09611595,0.026204094,3.9489458,0.55934066,11
9372,0.29523155,0.38094574,1.3837829,0.64197296,12
9373,0.056613103,0.44556245,3.00722,0.7114513,13
9374,0.95603424,0.8024316,2.8647919,0.77872485,14
9375,0.59806854,0.82051665,3.868227,0.65683657,15
9376,0.0627342,0.37998003,4.222077,0.6980332,16
9377,0.9030863,0.55813813,2.048569,0.33413202,17
9378,0.12038453,0.5572707,4.1765037,0.3717504,18
9379,0.25232485,0.7948127,4.0675516,0.94734347,19
9380,0.67040086,0.62261814,5.658723,0.42277667,20
9381,0.50059116,0.54714096,3.9657793,0.70545965,21
9382,0.01739422,0.6215161,1.1087956,0.79571223,22
9383,0.008498235,0.24439716,3.1121337,0.8362993,23
9384,0.0749604,0.8233774,2.3134992,0.85178787,0
9385,0.54469234,0.61301064,2.777422,0.8142053,1
9386,0.2213964,0.63026255,1.0590236,0.6080103,2
9387,0.4190811,0.06771531,4.972562,0.7513912,3
9388,0.005965334,0.8326256,3.4162474,0.91120374,4
9389,0.05805314,0.83282465,2.957873,0.857015,5
9390,0.008656306,0.7984999,0.8744404,0.6143818,6
9391,0.85498625,0.629321,1.9977032,0.69697785,7
9392,0.032044094,0.3918767,3.0252142,0.7461028,8
9393,0.32960004,0.7888412,1.9116408,0.77433735,9
9394,0.8505563,0.4256333,2.8969793,0.9907988,10
9395,0.14842659,0.033287056,3.8736153,0.75880176,11
9396,0.45788476,0.5787203,1.2188878,0.61295265,12
9397,0.058295954,0.3641346,2.395348,0.90738267,13
9398,0.79047793,0.67549366,3.1301355,0.5162352,14
9399,0.011737529,0.88407433,4.2529826,0.52316797,15
9400,0.0011799459,0.2217126,3.2375379,1.2664914,16
9401,0.9803725,0.76923054,2.9667723,0.48955882,17
9402,0.0050389958,0.5200021,5.952062,0.67465794,18
9403,0.63071805,0.4719693,2.443821,0.6486028,19
9404,0.9855847,0.6970827,3.0992436,0.6306252,20
9405,0.24424943,0.2860409,2.576591,0.7046504,21
9406,0.002236996,0.6216709,1.8893819,0.8119737,22
9407,0.07857344,0.34987742,2.6078143,0.7428152,23
9408,0.8037105,0.742835,2.0669696,0.53619176,0
9409,0.11170289,0.39593834,2.354146,0.7028223,1
9410,0.83090585,0.92707014,1.0638779,0.7164932,2
9411,0.5366474,0.07767291,5.2917714,0.6699303,3
9412,0.0023163843,0.82739323,3.6049843,0.79989225,4
9413,0.129497,0.81670505,2.5321074,0.7924346,5
9414,0.0154664125,0.35153872,0.9930903,0.66356266,6
9415,0.3157443,0.60628134,2.4014003,0.6709185,7
9416,0.016150948,0.54751736,4.393858,0.5066747,8
9417,0.49905586,0.6699372,1.7535517,0.7078963,9
9418,0.051482808,0.72402674,3.5214558,0.9260308,10
9419,0.08362105,0.024547208,3.112698,0.60636127,11
9420,0.5706741,0.22760811,1.9138085,0.78135675,12
9421,0.66491354,0.30516395,2.6328306,0.43340448,13
9422,0.00085436023,0.82417136,4.212362,1.1280183,14
9423,0.1767797,0.7510525,4.09194,0.4661462,15
9424,0.045382764,0.33387804,5.472658,0.60034776,16
9425,0.31819674,0.4274548,2.799339,0.9685272,17
9426,0.48842075,0.437825,4.6314774,0.5924188,18
9427,0.9604731,0.7272705,2.0695908,0.8972719,19
9428,0.0050662872,0.60435593,4.7479277,0.8361279,20
9429,0.2089591,0.50613993,3.3568218,0.8992755,21
9430,0.035647247,0.7925304,1.8579984,0.82163167,22
9431,0.20043373,0.20408034,2.7707646,0.3781155,23
9432,0.97084844,0.5732031,1.9713591,0.3588761,0
9433,0.98704195,0.38613513,2.4989707,0.5126205,1
9434,0.918319,0.58327234,1.44641,0.98251116,2
9435,0.59393203,0.064426325,5.477233,0.85365474,3
9436,0.4474828,0.8897368,3.5622616,1.069625,4
9437,0.0004956992,0.6941456,3.0737689,0.76484096,5
9438,0.12484626,0.9139353,1.3449837,0.6997904,6
9439,0.6374674,0.31625232,2.0518806,0.62609404,7
9440,0.53503436,0.4752369,4.2632027,0.61035275,8
9441,0.19169846,0.41481578,2.388504,1.0258472,9
9442,0.5454486,0.5495974,3.468248,0.518476,10
9443,0.0007564714,0.02204099,3.0682304,0.5934333,11
9444,0.20165032,0.17611599,1.715231,0.73634005,12
9445,0.80684334,0.39270112,4.3120008,0.6845403,13
9446,0.5271333,0.7613959,2.795073,0.7407505,14
9447,4.053333e-06,0.78797483,4.1232166,1.3337526,15
9448,0.05648822,0.29944012,3.9364057,0.973311,16
9449,0.021429714,0.51113284,2.618172,0.95238715,17
9450,0.00069027167,0.4627742,5.225125,0.61669797,18
9451,0.6907527,0.5573058,2.183174,0.98708045,19
9452,0.091721736,0.82020986,4.7595134,0.48699352,20
9453,0.107720874,0.32440186,3.1524134,0.8654529,21
9454,0.3124806,0.4924589,1.2515265,0.683003,22
9455,0.48113102,0.36347643,2.5876212,0.62954545,23
9456,0.98872805,0.6672106,1.6369259,0.6821816,0
9457,0.04957573,0.254506,3.340537,0.80354685,1
9458,0.012037668,0.23837703,0.75940156,0.6455538,2
9459,0.35333475,0.05321095,4.6361394,1.0770707,3
9460,0.4716429,0.8470713,4.1123905,0.71894944,4
9461,0.00044127775,0.6456627,3.6031427,0.9128236,5
9462,0.08816547,0.4942648,0.72508335,0.87559867,6
9463,0.032203715,0.7344466,3.4106793,0.7123775,7
9464,0.97182953,0.42967188,3.9583597,0.50840145,8
9465,0.99726737,0.58082193,2.1058834,0.80666995,9
9466,0.5265646,0.6830404,3.9235,0.69126785,10
9467,0.004882838,0.01819114,3.5230672,0.6126778,11
9468,0.29146492,0.536883,1.2524898,0.75456387,12
9469,0.32630992,0.33853033,2.8449523,1.0472426,13
9470,0.22451779,0.8998913,3.6973062,0.95322853,14
9471,0.8221412,0.84045583,3.5021877,0.5793054,15
9472,0.00054695713,0.41022357,4.3499947,1.2669423,16
9473,0.0013904175,0.5581267,2.3409548,0.8698963,17
9474,0.030822115,0.5840671,4.407881,0.596153,18
9475,0.041283477,0.46116602,2.7203507,0.7135241,19
9476,0.46887064,0.7272367,5.242502,0.74465925,20
9477,0.9545151,0.38087013,3.96271,0.6337785,21
9478,0.0003085154,0.7294937,1.8421398,1.0186348,22
9479,0.042777635,0.19097507,3.3251877,0.5589148,23
9480,0.10459069,0.38503402,1.9165148,0.9035483,0
9481,0.23031974,0.25370157,1.6818564,0.7304022,1
9482,0.9847074,0.9760994,1.3246503,0.97542787,2
9483,0.88905525,0.038518537,5.6200175,0.8210542,3
9484,0.00021564057,0.89394295,4.1913815,1.3175173,4
9485,0.003509857,0.7456687,2.9504013,0.74451923,5
9486,0.021931985,0.43022135,1.1459396,0.9171155,6
9487,0.3625794,0.28604957,3.3723211,0.67720306,7
9488,0.0620137,0.5370263,4.0445347,0.9261977,8
9489,0.036065537,0.52130675,2.7380562,0.6072444,9
9490,0.023310503,0.691507,3.300428,0.67120624,10
9491,0.23108196,0.021982746,3.3018765,0.9599615,11
9492,0.5312143,0.56290805,1.5545485,0.9078784,12
9493,0.0010692506,0.32328498,2.5817776,0.88196206,13
9494,0.024460604,0.7556612,4.2832975,0.69297314,14
9495,0.5547283,0.6784896,3.5191658,0.81105673,15
9496,0.2702928,0.34908888,3.81669,0.49615073,16
9497,0.2941254,0.73706865,2.3637962,0.8166141,17
9498,0.9888814,0.48274064,5.296032,0.5225549,18
9499,0.035354078,0.67143404,3.0726352,0.62495756,19
9500,0.021044644,0.74342924,4.433192,0.695501,20
9501,0.4615676,0.30813164,3.3102736,0.71469134,21
9502,0.5364284,0.5872684,1.6385025,0.71592855,22
9503,0.08638062,0.3210772,1.7976234,0.9045317,23
9504,0.03924061,0.5386883,1.4815352,0.8458621,0
9505,0.065160476,0.46624422,2.9882197,0.94252145,1
9506,0.42992073,0.69734985,1.0519545,0.8942385,2
9507,0.011846443,0.08522195,4.0183964,0.6621568,3
9508,0.099477194,0.9086518,3.5943244,1.1552225,4
9509,0.064440556,0.60878795,2.8045747,1.1796654,5
9510,0.012116322,0.8483956,1.0735606,0.65877295,6
9511,0.066263564,0.40608588,2.4980674,0.9529903,7
9512,7.068057e-05,0.53172296,4.271851,0.9450182,8
9513,0.9006518,0.8354021,1.4472388,0.7459171,9
9514,0.20437644,0.5024007,3.3401167,0.6897919,10
9515,0.0072041247,0.032749325,3.3660173,0.8525065,11
9516,0.3031063,0.67678314,2.0449848,0.8517682,12
9517,0.87524104,0.3594704,3.9685166,0.745769,13
9518,0.13022603,0.60761786,4.020679,0.72852075,14
9519,0.0027141825,0.65675443,3.9286244,0.9717078,15
9520,0.08639675,0.3435829,5.7408233,0.8447712,16
9521,0.9851953,0.38219652,2.2544816,0.50598764,17
9522,0.08975203,0.5281371,3.3844697,0.89520067,18
9523,0.010964519,0.6178322,3.064167,0.769417,19
9524,0.3577084,0.8214958,5.1338377,0.85544074,20
9525,0.12440312,0.532221,4.1290765,0.8897719,21
9526,0.0014985586,0.5578837,1.4994624,1.0726334,22
9527,0.5636206,0.21464247,2.8081706,0.58636177,23
9528,0.9745296,0.6928165,1.4913787,0.60861903,0
9529,0.035238627,0.26377758,1.4551685,0.71070194,1
9530,0.4422553,0.81808287,1.8535781,0.829427,2
9531,0.42299992,0.06809745,5.4863124,0.9531903,3
9532,0.9969002,0.88755727,3.96425,0.7477641,4
9533,0.2798322,0.58164984,2.9827523,0.36805886,5
9534,0.0002578028,0.37157285,0.93747354,0.63846344,6
9535,0.5747253,0.21144643,2.9754758,0.774647,7
9536,0.30265233,0.5031565,5.512083,0.69721764,8
9537,0.87806994,0.36277837,1.7708735,0.7833776,9
9538,0.42787984,0.4251034,2.9154048,0.5768349,10
9539,0.47793794,0.03204393,3.4788835,0.6217057,11
9540,0.4359977,0.5627538,0.9597632,0.90316147,12
9541,0.0011924811,0.3219787,2.6952314,0.58168447,13
9542,0.10939559,0.8752547,3.0853705,0.5763508,14
9543,0.027196405,0.77392906,3.7971644,0.74263096,15
9544,0.50242865,0.40909573,3.9869528,0.6546532,16
9545,0.6702771,0.37606952,1.6258358,0.72482044,17
9546,0.025657149,0.4767008,5.273285,0.7604117,18
9547,0.056652296,0.6907117,2.7600546,0.6626076,19
9548,0.14673318,0.5848166,3.6153965,0.47724038,20
9549,0.84778345,0.42495885,3.7867823,0.7031781,21
9550,0.98572147,0.7770316,1.5566028,0.4250945,22
9551,0.21148181,0.2550568,2.8534887,0.7433978,23
9552,0.90959764,0.50917643,1.6396117,1.0672395,0
9553,0.20449051,0.27378824,1.6662695,0.7727941,1
9554,0.7628003,0.6757037,0.7956949,0.78705555,2
9555,0.59580016,0.053104933,6.5122514,0.6786326,3
9556,0.005261204,0.8645462,3.6752172,1.0831978,4
9557,0.9120842,0.8872255,2.7793636,0.7495389,5
9558,0.035060775,0.47574976,1.3634908,0.7757694,6
9559,0.03526653,0.4256925,2.4769232,0.72270715,7
9560,0.32161734,0.5489,4.4625087,0.7857741,8
9561,0.00316212,0.05313267,1.3254602,0.8006558,9
9562,0.5116493,0.41057524,3.6318407,0.6361233,10
9563,0.13157232,0.02925317,4.1572,0.82516557,11
9564,0.21545722,0.56767035,1.1342661,0.78225064,12
9565,0.018800968,0.3201917,3.0473623,0.7607496,13
9566,0.8659191,0.699986,3.770621,0.67339057,14
9567,0.0030526333,0.77276784,3.3743677,0.5874246,15
9568,0.024247572,0.34382957,3.2974718,0.7367052,16
9569,0.0016297402,0.56334686,3.3719425,0.9521078,17
9570,0.002185749,0.53284985,4.931164,0.5353577,18
9571,0.7975542,0.662191,2.3896604,0.6434256,19
9572,0.008622328,0.70173854,5.001115,0.6545499,20
9573,0.97512203,0.32711783,3.2390757,0.7771352,21
9574,0.03728339,0.7330482,1.9659421,0.63190824,22
9575,0.8540018,0.34058243,3.7293715,0.74467885,23
9576,0.37858248,0.46575484,1.5271108,0.613158,0
9577,0.18685377,0.3275819,1.95468,0.45303464,1
9578,0.30641487,0.7628827,1.7022241,0.7178619,2
9579,0.14536482,0.061818585,5.160518,0.7893702,3
9580,0.005390562,0.94856995,6.0925193,0.7449012,4
9581,0.6874232,0.8923085,3.804204,0.5220758,5
9582,0.8277435,0.541816,1.4015992,0.6692716,6
9583,0.73802155,0.26015496,1.8196957,0.4196086,7
9584,0.41274735,0.5095979,5.4259515,0.6493518,8
9585,0.7818128,0.3708632,2.234793,0.5395499,9
9586,0.71545106,0.4545525,3.3496273,0.85634935,10
9587,0.700441,0.025702499,3.0969114,0.6079824,11
9588,0.34801817,0.67192334,1.0093807,0.67461383,12
9589,0.77449036,0.3573442,2.8899407,0.8348462,13
9590,0.6653801,0.7446609,3.7308784,0.47562128,14
9591,0.99762696,0.716297,3.3982146,0.58736765,15
9592,0.51653975,0.3777698,4.1365047,0.9674928,16
9593,0.23327318,0.7544606,3.056034,0.75865567,17
9594,0.009149538,0.52173847,4.664312,0.8023009,18
9595,0.9629034,0.6746003,1.6871154,0.6831869,19
9596,0.020729793,0.41600412,3.6666875,0.9533392,20
9597,0.69700414,0.39149877,3.5384476,0.8632886,21
9598,0.07076237,0.75337774,1.3004385,0.91770494,22
9599,0.033119716,0.3616708,2.1991084,0.73455167,23
9600,0.3831443,0.6468872,2.3855987,0.6240102,0
9601,0.4544986,0.2924274,2.1895902,1.0040352,1
9602,0.8814824,0.7057697,1.2268265,0.6032616,2
9603,0.061162755,0.1068165,5.439439,0.92322195,3
9604,0.9331063,0.82331884,3.4346197,0.9179915,4
9605,0.061234385,0.8337268,3.2977095,0.67431873,5
9606,2.3540942e-05,0.5811835,0.63302004,0.9099754,6
9607,0.93119305,0.24315034,2.8241875,0.80270773,7
9608,0.04091305,0.5183942,3.992693,0.54939854,8
9609,0.9999354,0.75022614,1.70537,0.5965054,9
9610,0.010211859,0.76377004,2.5003555,1.0035615,10
9611,0.21024393,0.016315376,3.6460185,0.56130934,11
9612,0.18928912,0.56718343,1.5000712,0.7009815,12
9613,0.002555267,0.381188,2.6880412,0.80939895,13
9614,0.2975203,0.75034106,3.7094688,0.7404158,14
9615,0.02001225,0.8304828,3.973073,0.9463451,15
9616,0.79866916,0.35552287,5.1996927,0.49703017,16
9617,0.9998141,0.4464904,2.2714214,0.53041077,17
9618,0.0307559,0.5217847,4.4310384,0.68637836,18
9619,0.22346523,0.81593627,3.2661269,0.6960876,19
9620,0.089463085,0.6817692,5.1340823,0.62114763,20
9621,0.0012406636,0.41536242,2.7344384,1.0913006,21
9622,0.20424208,0.80519295,1.142389,0.76768315,22
9623,0.24325258,0.16701569,2.1997025,0.6185031,23
9624,0.012665564,0.9099261,2.5784283,0.6386474,0
9625,0.06624408,0.3771791,2.0018468,0.58648354,1
9626,0.8358127,0.8750561,1.0174565,0.45110804,2
9627,0.6431249,0.068386935,5.027426,0.6724792,3
9628,0.0017814406,0.8353375,4.0714803,0.9348905,4
9629,0.030606113,0.6100973,2.700913,0.91031146,5
9630,0.9532041,0.8317355,1.3149712,0.6987088,6
9631,0.54621977,0.49107695,3.184311,1.0311439,7
9632,0.56427413,0.5241719,5.417018,0.6991409,8
9633,0.16307877,0.719885,2.1566074,0.6943866,9
9634,0.5024573,0.49988237,3.9783587,0.80833143,10
9635,0.20060739,0.037370466,4.171144,0.6353699,11
9636,0.3516001,0.47664788,1.2745165,0.9246642,12
9637,0.01188479,0.3206006,2.409628,0.97955996,13
9638,0.7897983,0.6900984,3.2592049,0.7450294,14
9639,0.025851702,0.80984044,3.905412,0.57362807,15
9640,0.012478618,0.33958048,3.4141102,1.0338488,16
9641,0.9855359,0.44154203,2.20704,0.5016197,17
9642,0.6686642,0.5133665,3.9636407,0.8083624,18
9643,0.0027377713,0.6081067,3.5165386,0.7648587,19
9644,0.3860993,0.7188858,3.9492416,0.8256329,20
9645,0.6726182,0.41657293,3.593744,1.127247,21
9646,0.9484279,0.6220581,1.3229074,0.725464,22
9647,0.49400046,0.17828378,1.8518546,0.6449283,23
9648,0.052671205,0.32684097,1.6500324,0.6163622,0
9649,0.011723229,0.40338302,1.7986392,0.9676758,1
9650,0.6821184,0.9147932,2.4820862,0.99298424,2
9651,0.41369364,0.06752869,3.951343,1.2355502,3
9652,0.1571861,0.9005497,4.4161325,0.9546764,4
9653,0.0046009733,0.70007604,2.2588687,0.9756523,5
9654,0.007363518,0.68498147,0.66889995,0.72768235,6
9655,0.953804,0.56332386,2.0675259,0.7277927,7
9656,0.0008056498,0.53128,3.2996411,0.97798616,8
9657,2.0829162e-05,0.6993892,1.3650782,0.68942964,9
9658,0.30751398,0.6562685,3.4446783,0.7803401,10
9659,0.009590048,0.036723692,3.1326792,0.8140515,11
9660,0.27002442,0.35428438,1.8444195,0.76017606,12
9661,0.9351301,0.30033615,2.6825495,0.5146041,13
9662,0.14162809,0.6771197,3.2608109,0.67026323,14
9663,0.01793956,0.677864,2.5505617,0.6317992,15
9664,0.16471419,0.26917213,3.7138197,0.6774178,16
9665,0.0003599934,0.48753336,2.3115332,0.9062644,17
9666,0.10725598,0.630096,4.437385,0.7158107,18
9667,0.0014974045,0.83092487,3.1249032,0.6223465,19
9668,0.8884011,0.6974534,5.166023,0.7721261,20
9669,0.115884036,0.40178838,4.257303,0.97705436,21
9670,0.4094763,0.6749886,1.4792752,0.8085751,22
9671,0.1998816,0.38774884,3.088063,0.4013658,23
9672,0.0009922374,0.6350449,1.9892881,0.9540628,0
9673,0.23509577,0.34060106,1.895509,0.751071,1
9674,0.8741251,0.7948278,1.6153176,0.8242101,2
9675,0.30837506,0.060951445,4.5993342,0.9968636,3
9676,0.00243602,0.8639547,5.0326343,0.8403799,4
9677,0.005092534,0.8632857,2.8044329,0.6925815,5
9678,0.07757319,0.90550125,1.499195,1.0568302,6
9679,0.69533885,0.58096707,2.8939402,0.7934615,7
9680,0.0066064084,0.35898653,4.2187176,0.6797314,8
9681,0.72209686,0.873547,1.903472,0.8535064,9
9682,0.40698442,0.6684179,3.2028017,0.6317926,10
9683,0.24171317,0.023147324,3.8882911,0.74778765,11
9684,0.572725,0.6031201,0.96059,0.64290655,12
9685,0.00054616143,0.3893537,2.976332,0.5356313,13
9686,0.00021575409,0.7183509,3.5513914,0.7571503,14
9687,0.0009129377,0.7589272,4.2711825,1.0016519,15
9688,0.009192065,0.37958518,3.4578958,0.7050513,16
9689,0.95510775,0.32553118,2.471092,0.60354066,17
9690,0.21981025,0.48419473,5.0380034,0.6268827,18
9691,0.2842119,0.73798066,2.6678827,0.55027056,19
9692,0.4638963,0.7148417,4.1225057,0.7458825,20
9693,0.60382783,0.3737565,4.1227846,0.69151235,21
9694,0.9630285,0.48422113,1.3882582,0.47975215,22
9695,0.51406765,0.16485566,2.99487,0.83573633,23
9696,0.96201617,0.83027035,2.106589,0.60577756,0
9697,0.86141557,0.37412512,2.0346055,0.68121725,1
9698,0.95116657,0.7857603,1.3382313,0.5476041,2
9699,0.40459916,0.045499843,5.91631,0.7873213,3
9700,0.04779276,0.78003705,3.2541368,0.7829201,4
9701,0.8862586,0.7831174,3.121548,0.5796701,5
9702,0.6643775,0.60233796,0.91809404,0.6140642,6
9703,0.28737944,0.40054965,1.6646718,0.67994976,7
9704,0.009362531,0.5754566,4.4203825,0.9800226,8
9705,0.00015562848,0.5585224,2.6102557,0.69375527,9
9706,0.074832805,0.6328822,3.893821,0.5753552,10
9707,0.14483301,0.028147744,4.1169133,0.5179994,11
9708,0.4965528,0.40223828,1.4131789,0.8787999,12
9709,0.00038296438,0.34619442,2.7917476,0.65678537,13
9710,0.97231424,0.84084636,3.604745,0.5427185,14
9711,0.027915373,0.8134501,5.015406,0.85392475,15
9712,0.660841,0.3267751,3.2608595,0.65703505,16
9713,1.2025404e-06,0.3899596,1.887262,1.1871301,17
9714,0.3271951,0.58283657,4.556661,0.82599425,18
9715,0.92446,0.76233804,3.0434508,0.72635376,19
9716,0.98810416,0.71978706,3.8256297,0.46514156,20
9717,0.8790188,0.2690701,3.9898374,0.47760156,21
9718,0.9742469,0.8370702,1.3962781,0.31772524,22
9719,0.2039394,0.32760563,2.0242743,0.59550023,23
9720,0.53298664,0.68338144,1.5054249,0.7315943,0
9721,0.9446827,0.77141434,3.079513,0.6898174,1
9722,0.10922667,0.19809838,0.6657826,0.3748642,2
9723,0.4792236,0.071137555,5.0458,0.5386489,3
9724,0.06113339,0.91054696,3.1480029,1.0428001,4
9725,0.9172047,0.6632889,2.4410393,0.5102034,5
9726,0.99492294,0.8287952,0.79702604,0.8389821,6
9727,0.03369826,0.54552335,3.576503,0.8217734,7
9728,0.0012176735,0.52547896,4.8588758,0.8326283,8
9729,0.9921101,0.7970804,1.7814896,0.5490791,9
9730,0.41042557,0.6370979,3.8731883,0.8357089,10
9731,0.0054223747,0.052267835,4.390991,0.4710077,11
9732,0.38396165,0.5026225,1.6077046,1.0911013,12
9733,2.3816112e-05,0.46517414,2.836087,0.6670482,13
9734,0.39994058,0.7602377,2.8648362,0.657962,14
9735,0.06311471,0.881485,3.558145,0.6619984,15
9736,0.014525228,0.36382303,3.0755606,0.5796451,16
9737,0.7278449,0.66844785,2.0526087,0.49227136,17
9738,0.39367294,0.5602834,4.757234,0.6988412,18
9739,0.027338477,0.48534557,2.3151305,0.6728936,19
9740,0.12306866,0.7647292,4.865194,0.7082271,20
9741,0.22599758,0.4534097,3.8122919,0.94948125,21
9742,0.0197638,0.5548966,1.6952397,0.6266231,22
9743,0.024852514,0.17958352,2.8320208,0.7365248,23
9744,0.28362596,0.8014209,2.0724578,0.81673694,0
9745,0.12682804,0.2985387,1.0570765,0.82730997,1
9746,0.36310452,0.5433466,1.2646201,0.6009482,2
9747,0.55323035,0.054869782,5.506626,0.9410453,3
9748,0.005053991,0.8762748,4.3971663,0.9355379,4
9749,0.59478253,0.7268611,3.3059773,0.6100362,5
9750,0.9329885,0.91199195,0.7134277,0.7115284,6
9751,0.00086434995,0.5388685,4.2354927,1.1380515,7
9752,0.013256986,0.5575687,4.9334583,0.5573338,8
9753,0.0063554808,0.36580288,1.9318182,0.5274647,9
9754,0.5068252,0.61555326,3.669391,0.55504096,10
9755,0.70488656,0.030892566,3.9386442,0.5743508,11
9756,0.4279315,0.28041756,1.054296,0.7127507,12
9757,0.024029689,0.4340703,3.0436924,0.729705,13
9758,0.45559448,0.60395974,3.362402,0.7983068,14
9759,0.9713031,0.66931725,4.037641,0.66654587,15
9760,0.89486283,0.4915919,4.6736856,0.8274615,16
9761,0.061849434,0.6727025,3.1179044,1.1620914,17
9762,0.104508445,0.54705966,5.756535,0.695845,18
9763,0.007730258,0.70126164,3.4618568,0.6044354,19
9764,0.7536268,0.59962523,3.363361,0.660949,20
9765,0.0026759708,0.4320606,2.9182954,0.62290853,21
9766,0.3240323,0.55135685,1.7030944,0.5100735,22
9767,0.32196665,0.3373669,2.3104196,0.62518454,23
9768,0.8467687,0.44053724,2.3609796,1.1634076,0
9769,0.87195075,0.64634687,1.8707085,0.6950499,1
9770,0.88309747,0.80309176,0.94769,0.57520056,2
9771,0.24280748,0.08253737,4.396695,0.87829,3
9772,0.5543504,0.84036815,5.0809526,0.9048493,4
9773,0.053995818,0.87428564,3.113133,0.6778371,5
9774,0.11866124,0.72541624,1.6217179,0.6600653,6
9775,0.5710948,0.27724794,2.6516147,0.5879972,7
9776,0.0044920594,0.525109,4.0892715,0.6685876,8
9777,0.09333459,0.65285546,2.121243,0.776046,9
9778,0.009301779,0.37796977,3.0014803,0.81924504,10
9779,0.030035784,0.027967736,3.3483262,0.9958273,11
9780,0.53899413,0.48943302,1.6678932,1.1489367,12
9781,0.0072794845,0.29809418,2.2637146,0.79285884,13
9782,0.10429248,0.7179184,2.153906,0.60515106,14
9783,0.00011659747,0.8553621,2.3805623,0.95530367,15
9784,0.080266744,0.36695293,4.313331,0.6074435,16
9785,0.2373342,0.49889475,2.4271224,0.82706445,17
9786,0.9856908,0.52593,4.1499166,0.63011503,18
9787,0.09724513,0.7615886,3.344665,0.8286974,19
9788,0.010876267,0.7004194,4.749027,0.57390904,20
9789,0.00012669523,0.38763797,3.586582,0.8466748,21
9790,0.9428718,0.6463535,1.6002715,0.7282937,22
9791,0.019252695,0.30642816,3.1220236,0.69054633,23
9792,0.2735689,0.7601927,2.5803542,0.638578,0
9793,0.4735429,0.6297053,4.1282063,0.6676458,1
9794,0.99687177,0.9363222,1.548447,0.5191426,2
9795,0.8247136,0.068740174,5.5798054,0.92414975,3
9796,0.026901005,0.7287319,3.9138844,0.60079795,4
9797,0.115842186,0.7496054,2.8373744,0.64993197,5
9798,0.8502995,0.7504409,1.2408112,1.0195189,6
9799,0.073058605,0.2212363,1.915275,0.9602001,7
9800,0.10911982,0.460563,5.9767003,0.7523661,8
9801,0.0017094446,0.4788526,2.2514396,0.8251089,9
9802,0.4867423,0.5846434,3.5300894,0.6931094,10
9803,0.016474966,0.03556546,3.6612084,0.68085307,11
9804,0.38052157,0.59217846,1.9377501,0.61553496,12
9805,0.3353334,0.3703375,3.7056174,0.74242496,13
9806,0.078375794,0.8885163,3.4108398,0.617946,14
9807,0.99353576,0.79074454,4.9316554,0.66350543,15
9808,0.00203424,0.2560991,2.5264475,0.41715342,16
9809,0.00021270312,0.69762844,3.0321856,0.60575354,17
9810,0.000867561,0.5119985,4.880504,0.7347271,18
9811,0.08600518,0.42429227,1.8844146,0.51123637,19
9812,0.97061545,0.7175848,5.125246,0.3867279,20
9813,0.8770596,0.4473879,3.3874896,0.8825437,21
9814,0.10348059,0.635301,2.1560209,0.5846912,22
9815,0.5613852,0.19183142,2.4254029,0.8854989,23
9816,0.0052608373,0.7818216,2.1568117,0.6212517,0
9817,0.22426833,0.44549203,1.9781278,0.945004,1
9818,0.19439767,0.51001555,1.1494356,0.74101335,2
9819,0.68217236,0.062770925,4.782594,0.91215396,3
9820,0.13872643,0.9699435,4.384096,1.1711739,4
9821,0.21347125,0.7382573,3.15942,0.6613142,5
9822,0.0033040484,0.67900455,1.1527715,0.86843216,6
9823,0.42465562,0.67881256,2.3089201,0.68133837,7
9824,0.8365485,0.49583882,3.8557556,0.59033567,8
9825,0.99599,0.8874974,2.7114868,0.5887104,9
9826,0.3128291,0.6103715,4.189312,1.0145124,10
9827,0.08587657,0.034497336,4.4671817,0.7122102,11
9828,0.20643707,0.5707149,1.9142516,0.6687037,12
9829,0.47637624,0.3313409,3.1080952,0.6950868,13
9830,0.53561264,0.71417505,3.4039116,0.6919301,14
9831,0.08862641,0.8943978,3.993611,0.6734636,15
9832,0.91914713,0.37528118,3.934166,0.5596298,16
9833,0.44021755,0.59410745,3.3261452,0.8766628,17
9834,0.018098569,0.48663974,4.5469193,1.0222808,18
9835,0.94269633,0.82485896,1.9756036,0.4560335,19
9836,0.04320715,0.77987987,3.7016368,0.6976196,20
9837,0.043057486,0.3059312,4.8488593,0.7794094,21
9838,0.07525142,0.7998473,2.3302414,0.75502586,22
9839,0.5445935,0.1823172,2.893355,0.63629895,23
9840,0.0020025927,0.3523396,2.1336403,0.7256888,0
9841,0.2156848,0.75504065,1.9844043,1.1826143,1
9842,0.02061943,0.8866278,2.0907502,0.7688589,2
9843,0.77468747,0.046462595,5.1622243,0.67276424,3
9844,0.8560537,0.84001297,4.6102877,0.66958344,4
9845,0.002334435,0.62978506,2.6532838,0.76311594,5
9846,0.9951291,0.745444,1.564389,0.8249607,6
9847,0.15043844,0.36359084,1.5768964,0.7918805,7
9848,0.0016660936,0.59139234,5.009,0.77082425,8
9849,0.0042220703,0.29182732,1.8818401,0.8034078,9
9850,0.53144497,0.62088627,2.4343612,0.75130516,10
9851,0.37262332,0.02418169,4.3281813,0.9251383,11
9852,0.36018035,0.68126875,1.348884,0.7555562,12
9853,0.4124896,0.32249916,2.6310983,0.54083085,13
9854,0.01718581,0.76844186,3.5575495,0.78774637,14
9855,0.94558734,0.8459752,3.5837295,0.5485069,15
9856,0.9138816,0.34671906,3.433707,0.5508381,16
9857,0.13152945,0.56195533,2.143013,0.6761861,17
9858,0.018187849,0.5168365,4.8164167,0.59828645,18
9859,0.7341965,0.67742926,3.261924,0.5595236,19
9860,0.009104879,0.80575615,3.8436894,0.9906894,20
9861,0.07070499,0.32781377,4.1171937,1.094272,21
9862,0.99425185,0.5813255,1.4654846,0.48552328,22
9863,0.6078781,0.41268733,2.2112498,0.83883816,23
9864,0.013069087,0.6221786,2.4322784,0.792567,0
9865,0.7748521,0.37904704,3.4392586,0.63314086,1
9866,0.8841356,0.72064984,2.500212,0.8172723,2
9867,0.3866728,0.09437107,4.1691046,0.8446423,3
9868,0.10746538,0.9509855,4.298001,0.6164324,4
9869,0.3097491,0.81754696,3.8646297,0.58790755,5
9870,0.6802718,0.746293,2.2698088,0.83543414,6
9871,0.19690697,0.4555848,3.104185,0.6577034,7
9872,0.05607335,0.38968438,4.0812106,0.9346664,8
9873,0.77652496,0.77384096,2.5160527,0.53961617,9
9874,0.12372783,0.64497495,3.542069,0.7130257,10
9875,0.13712083,0.024871062,3.4956048,0.4808479,11
9876,0.30276704,0.6845119,1.8466806,0.95696807,12
9877,0.10039256,0.3629725,2.2963297,0.8365368,13
9878,0.95789254,0.6839707,3.24893,0.9118775,14
9879,0.07877381,0.8847504,3.6255603,0.8384765,15
9880,0.066191554,0.3391212,4.0904913,0.9094285,16
9881,0.00019427354,0.6348833,2.935104,0.98213524,17
9882,0.9999453,0.64911103,4.9328294,0.72098523,18
9883,0.6790961,0.67632353,2.3206851,0.9076,19
9884,0.03506154,0.8019367,4.206546,0.700698,20
9885,0.8499469,0.36439273,3.3798904,0.87218815,21
9886,0.8002823,0.6512603,1.6165756,1.0000045,22
9887,0.0030989617,0.3079952,3.4066448,0.64056545,23
9888,0.19360223,0.7915649,1.878278,0.38849437,0
9889,0.23734532,0.23211639,1.458218,0.59630984,1
9890,0.4929628,0.6416522,1.303299,0.7504278,2
9891,0.80909455,0.05311482,6.122846,0.80288875,3
9892,0.3343219,0.9255385,4.802309,0.65337175,4
9893,0.7200159,0.84888554,3.3020284,0.57927465,5
9894,0.9992237,0.8660514,1.2036256,0.6292174,6
9895,0.010321642,0.43950638,2.5051541,0.8528056,7
9896,0.014324799,0.44221658,4.7597857,0.5987609,8
9897,4.0080547e-05,0.69011676,2.6768115,1.0418729,9
9898,0.06729724,0.7212781,3.2475686,0.9241507,10
9899,0.008493978,0.02205341,3.4509108,0.7109546,11
9900,0.39995155,0.6797499,1.8721533,0.78949004,12
9901,0.47827092,0.26566437,2.3649633,0.59375817,13
9902,0.055108685,0.69867456,3.0760646,0.70306706,14
9903,0.00021917147,0.78803986,3.9325871,0.66109365,15
9904,0.044141043,0.2895559,3.5586004,0.9812915,16
9905,0.9999919,0.73089117,1.9306955,0.6430137,17
9906,0.8677597,0.4564585,4.749361,0.38474295,18
9907,0.5188511,0.77533907,2.9323177,0.96489346,19
9908,1.5605297e-05,0.6999597,3.1903262,0.85987324,20
9909,0.016116517,0.37912285,4.7761335,0.8368877,21
9910,0.037216194,0.7410058,1.0582545,0.65796745,22
9911,0.43966976,0.16711833,2.0283766,0.5501568,23
9912,0.52955043,0.5849194,2.0195792,0.8637642,0
9913,0.12193728,0.23645698,1.850512,0.65391064,1
9914,0.02696789,0.22384222,2.0035317,1.3863124,2
9915,0.25237033,0.09845614,4.6162834,0.6349444,3
9916,0.9999747,0.9198015,3.91359,0.63632184,4
9917,0.5303967,0.7157945,3.4249856,0.6879253,5
9918,4.818299e-05,0.16065958,1.6760638,0.64601594,6
9919,0.014366736,0.59947985,2.043524,0.6707182,7
9920,0.0003909058,0.44659537,4.519743,0.78772634,8
9921,0.17609619,0.36208242,2.2104676,0.7843466,9
9922,0.105664834,0.6694268,3.3312333,0.6580895,10
9923,0.0031718265,0.021743722,2.4468477,0.73420143,11
9924,0.33412278,0.5626204,0.80570227,1.3903823,12
9925,0.9227573,0.2760464,3.5089633,0.51167446,13
9926,0.35028714,0.88284206,3.8660188,0.42907473,14
9927,0.8183334,0.6796588,3.6975117,0.6182068,15
9928,0.9364145,0.3691542,5.2122135,0.7495188,16
9929,0.019388622,0.5248988,2.715567,0.83170485,17
9930,0.4637231,0.39813268,4.684202,0.68311924,18
9931,0.029196957,0.7465285,3.0918045,0.7257116,19
9932,0.0058106664,0.74918526,5.469739,1.0210063,20
9933,0.91175705,0.42716405,4.158639,0.5846088,21
9934,0.6894902,0.7485729,2.3232481,0.3690948,22
9935,0.19299959,0.28429773,2.5882006,0.5637769,23
9936,0.98119354,0.6003104,1.3841376,0.37177593,0
9937,0.03538354,0.6115471,1.3879836,0.6247185,1
9938,0.45712164,0.59640527,1.6445012,0.820452,2
9939,0.42343307,0.08332,5.062094,0.68175614,3
9940,0.00015177536,0.9003659,3.2043984,0.7594718,4
9941,0.024911698,0.7054555,2.8845649,0.8081973,5
9942,0.09881103,0.5727743,0.6857491,0.6517848,6
9943,0.43512112,0.36469495,2.452867,0.7527237,7
9944,0.007104456,0.5301509,4.66943,0.6776236,8
9945,0.74194616,0.6285127,2.958542,0.8337923,9
9946,0.09230323,0.6771457,3.8903675,0.7247536,10
9947,0.7486326,0.015639802,4.10435,0.58857286,11
9948,0.35242224,0.67043245,1.3608158,0.82143867,12
9949,0.00045059857,0.3763762,2.988688,0.7298056,13
9950,0.039155044,0.8792251,4.159396,0.9286454,14
9951,0.986655,0.7406109,3.4171546,0.7203382,15
9952,0.25629804,0.36032784,3.5876255,0.88574815,16
9953,0.95277095,0.54905546,2.6226451,0.6558334,17
9954,0.2904533,0.60023075,5.04107,0.95363736,18
9955,0.00050762616,0.80704826,2.8715775,0.7289336,19
9956,0.25567058,0.7448167,4.0456123,0.48115954,20
9957,0.071453325,0.5252739,3.8791893,0.73548543,21
9958,0.97442085,0.6406656,2.1616912,0.6103003,22
9959,0.031992,0.35861164,3.16822,0.7728597,23
9960,0.9866078,0.50139374,1.895205,0.54889464,0
9961,0.82162124,0.384386,1.6553919,0.8714015,1
9962,0.26593128,0.76447994,1.7945917,0.94851387,2
9963,0.07700056,0.06321103,4.2133493,0.727017,3
9964,0.48544252,0.7577768,3.9814665,0.45528448,4
9965,0.7351467,0.87970555,3.1455755,0.5623731,5
9966,0.26755562,0.9241342,1.1303958,0.88844824,6
9967,0.0243301,0.6083636,2.7924867,1.0181085,7
9968,0.1774821,0.5822449,5.182238,0.7004268,8
9969,1.6130994e-05,0.35848093,1.5391755,0.8125895,9
9970,0.81706524,0.5057163,3.3236716,0.6376613,10
9971,0.32973805,0.015169005,3.703498,0.63444257,11
9972,0.50457984,0.590158,2.5858352,0.82670975,12
9973,0.9930714,0.42974254,3.5600522,0.42403933,13
9974,0.5625167,0.5684829,3.0285928,0.54877234,14
9975,0.9108612,0.78406656,3.1963286,0.44928297,15
9976,0.12055054,0.5513339,3.9353442,0.7451253,16
9977,0.9650684,0.64277214,3.1652713,0.6584596,17
9978,0.6012175,0.604165,4.201973,0.7580732,18
9979,0.087134026,0.7249248,3.0665255,0.5981014,19
9980,0.01832827,0.76037496,4.355937,0.6375512,20
9981,0.33988506,0.4762358,4.2730227,1.0312222,21
9982,0.57231706,0.5691034,1.9289341,0.9777068,22
9983,0.7687766,0.11934384,2.9744315,0.7478637,23
9984,0.017253269,0.8824151,2.0799384,0.7881046,0
9985,0.0028814056,0.64356774,1.7262298,1.0675513,1
9986,0.7195052,0.39411348,1.0405828,0.93961394,2
9987,0.88428885,0.044153176,5.128386,0.662274,3
9988,0.0011762657,0.7759933,3.9933686,0.8529121,4
9989,0.6804034,0.9468496,3.0536017,0.5266416,5
9990,0.80770236,0.9028719,1.179903,0.8815259,6
9991,0.18618566,0.6712396,2.996496,0.919931,7
9992,0.2331626,0.44310093,4.7014713,0.9075355,8
9993,0.99987817,0.37935993,1.6314392,0.6259352,9
9994,0.73790646,0.4758269,3.0374746,0.82237816,10
9995,0.28701365,0.034764804,3.3328853,0.8247423,11
9996,0.5428041,0.6224384,0.9837425,0.9200561,12
9997,0.00026806773,0.24950652,3.2854905,1.0415845,13
9998,0.98544806,0.6982628,3.6876535,0.45195526,14
9999,0.58531404,0.73493254,3.9475594,0.7083782,15
10000,0.063222215,0.36440048,4.2430735,0.50533247,16
10001,0.0085739745,0.7193798,4.2515893,0.9846773,17
10002,0.90015996,0.51940244,3.6430736,0.627724,18
10003,0.15837358,0.467359,3.0197215,0.5364027,19
10004,0.1523078,0.68641,5.164421,0.64593863,20
10005,0.008391897,0.31932616,2.8715444,0.84489954,21
10006,0.5378484,0.56334656,3.2536774,0.51657444,22
10007,0.0046510533,0.29631615,1.4488783,0.64830655,23
10008,0.41860634,0.7153824,1.83337,0.8046416,0
10009,0.94841754,0.2690983,1.8585715,0.55919695,1
10010,0.00930377,0.50197095,0.76602393,0.6851753,2
10011,0.7479324,0.056803018,5.0628448,0.6972476,3
10012,0.7659471,0.8311291,5.5593004,0.580994,4
10013,0.014432054,0.7947238,2.8445685,0.6973188,5
10014,0.8997624,0.7781676,0.94775844,0.7340214,6
10015,0.06943185,0.15142591,1.8814485,0.8136355,7
10016,0.4220584,0.44548446,3.0601587,0.469391,8
10017,0.73507464,0.8918505,1.8894922,0.58754396,9
10018,0.984821,0.60456896,3.17834,0.6107949,10
10019,0.11810475,0.022216393,3.6428025,0.52477604,11
10020,0.57927257,0.22958736,1.6664296,1.2228936,12
10021,0.0033120983,0.3458001,2.7128444,1.3049736,13
10022,0.86245054,0.7883934,3.6643574,0.8153533,14
10023,0.0012922223,0.8480681,4.1251287,1.0203155,15
10024,0.22716853,0.404895,5.384858,1.0881902,16
10025,0.9957575,0.5930976,2.7433264,0.45936722,17
10026,0.08549485,0.49249908,5.688825,0.5788075,18
10027,0.13521959,0.67742354,2.0966659,0.6030843,19
10028,0.21706536,0.4791023,4.4692974,0.5710577,20
10029,0.008157792,0.5922939,3.2686439,0.536521,21
10030,0.8110965,0.62867874,1.3221817,0.64234006,22
10031,0.004752161,0.13291934,2.570678,0.59971964,23
10032,0.032597907,0.67746955,1.3989514,0.8299723,0
10033,0.42201698,0.3454796,2.7529917,0.92039275,1
10034,0.037857022,0.4280462,1.1334469,0.7432217,2
10035,0.7501476,0.053761,5.789028,0.7381186,3
10036,0.99970764,0.8694003,3.3940854,0.6886424,4
10037,0.28674856,0.7489882,2.8436208,0.53137136,5
10038,0.0020142721,0.7237974,0.8372396,0.7575088,6
10039,0.012548087,0.49701646,1.9109743,0.71112657,7
10040,2.3312707e-05,0.40069082,4.15399,0.97918856,8
10041,0.9932857,0.386496,2.0339699,0.77250016,9
10042,0.012698815,0.47905195,2.3564072,0.9484817,10
10043,0.93682665,0.026990179,3.5163755,0.6478471,11
10044,0.2774537,0.37060693,1.5783148,0.56077,12
10045,0.8849483,0.24770804,2.4658134,0.6794243,13
10046,0.00012963837,0.54361004,3.3774314,0.9357458,14
10047,0.9996604,0.8261623,3.3391142,0.37765366,15
10048,0.92560214,0.3798586,3.594986,0.6182499,16
10049,0.0118582435,0.4410077,3.534678,1.0079198,17
10050,0.07952576,0.5028195,4.2073174,0.8914333,18
10051,0.219559,0.8491429,2.8206363,0.8422712,19
10052,0.045229435,0.710145,4.1035504,0.8414679,20
10053,0.934369,0.38703075,3.2840376,0.793873,21
10054,0.003632299,0.47507203,1.4696715,0.9256595,22
10055,0.04060827,0.17785026,2.6263583,0.728918,23
10056,0.43829387,0.7159236,1.7017018,0.72608143,0
10057,0.07643689,0.4829767,1.8418287,0.63312066,1
10058,0.064071864,0.51703894,1.6703058,0.64248407,2
10059,0.55315924,0.09094496,4.074927,0.9425655,3
10060,3.5557168e-06,0.8061238,3.5033865,1.0610878,4
10061,0.35367787,0.88230926,3.8378513,0.7479462,5
10062,0.00019684614,0.04456108,1.0203292,0.8753443,6
10063,0.38142076,0.48957482,2.7369797,0.8623717,7
10064,0.042019304,0.6370912,4.765023,0.63292956,8
10065,0.025375722,0.5016747,2.529423,0.69312847,9
10066,0.23042785,0.48163003,3.6147518,0.45482707,10
10067,0.002993277,0.031646725,4.046449,0.40068978,11
10068,0.4263633,0.42315006,2.106218,0.9049258,12
10069,0.0005462624,0.29483157,2.0377104,0.7044342,13
10070,0.98943186,0.8267639,3.1071987,0.7439095,14
10071,0.9819324,0.72400814,3.7183487,0.754699,15
10072,0.7159301,0.33371326,4.741221,0.6297345,16
10073,0.022453839,0.48862806,2.3673577,0.6157982,17
10074,0.33059457,0.39548033,3.8291693,0.8079365,18
10075,0.5247863,0.6445915,2.4419334,0.7390538,19
10076,0.004091498,0.67494607,4.532499,1.1317729,20
10077,0.007125027,0.4015613,3.0777214,0.74809027,21
10078,0.99098116,0.54543835,1.7836812,0.75299275,22
10079,0.23675787,0.2208733,2.3503952,0.53004575,23
10080,0.0022089677,0.699658,2.055545,0.89670825,0
10081,0.38665682,0.5919248,1.7954652,0.65582246,1
10082,0.29254425,0.8649118,1.9048184,0.74636817,2
10083,0.70402753,0.05764193,4.9233565,1.1082994,3
10084,1.6899973e-07,0.7819637,3.7637687,1.202568,4
10085,0.052522175,0.66946304,2.84719,0.7124835,5
10086,0.8864717,0.8396336,0.7114338,0.8541579,6
10087,0.6751728,0.52353126,1.8204671,0.5422502,7
10088,0.98853856,0.4432312,4.395507,0.5355803,8
10089,0.048908394,0.28373298,1.9387709,0.77876616,9
10090,0.012513535,0.54350823,3.3148217,0.8206258,10
10091,0.006121693,0.024608096,2.752496,0.56809956,11
10092,0.09656476,0.4833739,1.1044283,0.70162004,12
10093,0.3437631,0.540877,3.309007,0.6337526,13
10094,0.0017565881,0.8533345,4.851327,0.75894606,14
10095,0.56659776,0.7568229,3.5576723,0.594536,15
10096,0.16694276,0.41460484,4.7388535,0.61579156,16
10097,0.00023349268,0.56957257,1.9351362,1.0718561,17
10098,0.19289026,0.63756406,4.576263,0.8318416,18
10099,0.9335121,0.8477605,2.785613,0.7446224,19
10100,0.0158295,0.7478691,5.0223036,0.85311866,20
10101,0.46915922,0.51282144,3.5796008,0.7728553,21
10102,0.01581664,0.7554816,1.4120867,0.5930783,22
10103,0.9453252,0.22132061,3.3471296,0.76547754,23
10104,0.07104912,0.93569547,1.3589598,1.0814831,0
10105,0.07771213,0.42186663,1.9780309,1.0591935,1
10106,0.036428776,0.33379635,1.3666961,0.9201798,2
10107,0.57762575,0.04621633,5.1040277,0.79137534,3
10108,0.0037995602,0.76240957,3.999915,0.95103073,4
10109,0.60941756,0.9308251,2.8989463,1.0901496,5
10110,7.073899e-07,0.5559158,0.5553905,0.93181694,6
10111,0.1630363,0.6422011,2.6641092,0.54049516,7
10112,0.04928471,0.38107556,4.570917,0.6976492,8
10113,0.6553185,0.2961729,1.3738812,0.6006009,9
10114,0.08575809,0.79009753,3.0099604,0.6619756,10
10115,0.13028337,0.027302835,3.4083805,0.64360887,11
10116,0.37156984,0.36681718,0.94943494,0.66925347,12
10117,0.36024022,0.34231555,2.1222157,0.8469283,13
10118,0.7691377,0.76095176,3.5421367,0.5564316,14
10119,0.009623999,0.8486668,2.988279,0.6403023,15
10120,0.9956833,0.4285735,3.6026354,0.46160012,16
10121,0.9640632,0.72234654,2.6302085,0.71320647,17
10122,0.99530774,0.5707701,5.6192656,0.42639795,18
10123,0.35306415,0.6444397,2.4885302,0.61797583,19
10124,0.026140392,0.47210732,4.7101727,1.1274369,20
10125,0.0036005685,0.29499808,3.3767736,0.8362442,21
10126,0.07390459,0.81911975,2.717031,0.8422278,22
10127,0.92132103,0.2790992,2.4865081,0.7597795,23
10128,0.12548926,0.68418866,3.1824982,0.90232784,0
10129,0.47681782,0.27168605,2.463235,0.58851945,1
10130,0.0023896976,0.5288282,1.737026,1.1000803,2
10131,0.18018846,0.0911582,4.536992,0.6108075,3
10132,0.017286075,0.78433484,4.0464478,0.7665657,4
10133,0.14454406,0.8204477,3.6102965,0.9638724,5
10134,0.9996747,0.60634136,1.1128762,0.76426697,6
10135,0.037793107,0.54632115,3.3916137,0.5562007,7
10136,0.5981814,0.32044563,4.3058534,0.6755357,8
10137,0.0009028306,0.68214965,2.0139842,0.87536186,9
10138,0.042333018,0.49395835,2.8735514,0.9764024,10
10139,0.06455347,0.032473426,4.2444453,0.57918036,11
10140,0.28582305,0.46719518,1.584625,0.78575224,12
10141,0.7344344,0.36747456,3.379698,0.8368302,13
10142,0.11336872,0.75783694,3.8006945,0.8881524,14
10143,0.0006142735,0.8161631,3.6806476,0.73345613,15
10144,0.06394069,0.38730207,4.50353,0.89207774,16
10145,0.9929765,0.59133655,2.1130471,0.5185877,17
10146,0.0035100454,0.47127402,5.1302404,0.87498987,18
10147,0.029247474,0.65221864,2.8041778,0.6503513,19
10148,0.9182059,0.73476094,4.5773835,0.54806477,20
10149,0.9209638,0.34799594,3.8933945,0.853832,21
10150,0.00014811376,0.52060246,2.2770336,1.0767015,22
10151,0.63569045,0.32287127,3.4031816,0.7518481,23
10152,3.338813e-05,0.65764743,1.5280428,1.1488138,0
10153,0.1909221,0.62742734,2.0290177,0.58822674,1
10154,0.6373034,0.8692586,0.7677987,0.6635186,2
10155,0.077505685,0.086448215,3.9619403,0.6971477,3
10156,0.49711484,0.7304144,4.470645,1.0498737,4
10157,0.004525782,0.82718563,2.971246,0.9419981,5
10158,0.12446428,0.8530587,1.641704,0.78074044,6
10159,0.53706765,0.48676184,2.2154875,0.50381845,7
10160,0.92688715,0.45700693,4.6914587,0.80048704,8
10161,0.99661356,0.70354575,3.6466966,0.50286734,9
10162,0.2900809,0.5422633,3.6335378,0.7220841,10
10163,0.1312743,0.03211403,3.9625647,0.75018054,11
10164,0.34293348,0.58121467,0.9461904,1.0014727,12
10165,0.97383547,0.2903671,2.2510579,0.6120337,13
10166,0.946401,0.5872781,3.4795542,0.8710176,14
10167,0.9998136,0.87798166,3.1812043,0.6431807,15
10168,0.047461636,0.35222146,2.7084184,0.798053,16
10169,0.85299695,0.631414,3.4206004,0.9887223,17
10170,0.34322858,0.504744,5.0143332,0.6867287,18
10171,0.08231795,0.7879559,2.308856,0.5824869,19
10172,0.6429141,0.7206196,4.9478393,0.55644906,20
10173,0.01038311,0.2937491,3.243539,0.731755,21
10174,0.00019432337,0.6314535,1.3235928,1.0800908,22
10175,0.24659449,0.3370405,1.8490994,1.0762868,23
10176,0.38936752,0.71544003,1.6704159,0.51061916,0
10177,0.003362321,0.5943583,1.6026084,0.68406355,1
10178,0.5904943,0.881708,0.7901866,0.6946015,2
10179,0.44024014,0.07315001,4.8180323,0.81387985,3
10180,0.5405513,0.8115936,4.6832376,0.72833216,4
10181,0.024729796,0.7997896,2.4727347,0.9404967,5
10182,0.30468574,0.7198063,1.2930489,0.90422416,6
10183,0.016490811,0.49942845,3.2482762,0.77452844,7
10184,0.20780855,0.61651015,4.727503,0.7431148,8
10185,0.9796387,0.60544664,2.2733445,0.66116816,9
10186,0.006135318,0.66966987,3.7083836,0.62228554,10
10187,0.4040616,0.028119328,4.208646,0.45304245,11
10188,0.41229594,0.7688984,1.3306799,0.7176398,12
10189,0.0008733543,0.42394358,3.2311072,0.9070724,13
10190,0.81753576,0.6214266,3.0743084,0.62582046,14
10191,0.041155186,0.69823813,3.5746026,0.7248569,15
10192,0.21706249,0.50858957,5.485334,0.9130854,16
10193,0.00040928842,0.6972021,1.4614223,0.9552351,17
10194,0.0035462421,0.5651731,6.0326242,1.2300436,18
10195,0.9902782,0.76002353,3.0322444,0.7657503,19
10196,0.056141127,0.76667863,4.121391,0.6235689,20
10197,0.03733981,0.451204,4.876862,1.0120763,21
10198,0.013700143,0.5596275,1.7319292,0.7124234,22
10199,0.0004928753,0.32798824,2.5829005,0.641232,23
10200,0.75470394,0.91765183,2.6354585,0.6804388,0
10201,0.71106726,0.41274205,2.2653198,0.43156648,1
10202,0.9305966,0.9257584,1.1453773,0.82022613,2
10203,0.567551,0.04919021,6.8725758,0.8404169,3
10204,1.3137476e-06,0.78814346,4.703403,1.0837926,4
10205,0.45350972,0.7399173,4.2331767,0.8232402,5
10206,1.6166909e-05,0.8461556,1.4488024,0.81715494,6
10207,0.12792549,0.23121636,2.2255645,0.63300407,7
10208,0.9636492,0.55835307,4.3115726,0.6016969,8
10209,0.81645983,0.6051625,3.0388787,0.78606856,9
10210,0.12750748,0.69244736,4.4823656,0.72202474,10
10211,0.12763073,0.017945366,3.5551848,0.57033485,11
10212,0.6141295,0.5315048,1.7856581,0.8162573,12
10213,0.94877315,0.4299587,2.4637282,0.62150097,13
10214,0.0013847064,0.6504206,4.6996374,0.9104632,14
10215,0.075958155,0.68178296,3.4338772,0.9997929,15
10216,0.013078673,0.52666676,4.21351,1.0078217,16
10217,0.12288172,0.56006825,2.221952,0.55146986,17
10218,0.07037463,0.5847054,4.7209263,0.78401214,18
10219,0.8687795,0.6943286,2.8708055,0.7643349,19
10220,0.112158805,0.6985647,4.3301854,0.7818312,20
10221,0.16911495,0.4533564,2.4330988,0.6425858,21
10222,0.011576921,0.9009574,2.6749873,0.90076303,22
10223,0.0003837113,0.3034169,2.8567076,0.8887399,23
10224,0.7921395,0.8532073,1.8010129,0.41639143,0
10225,0.05939406,0.55565226,1.4922402,0.7459024,1
10226,0.14224137,0.7135936,1.943021,0.86820334,2
10227,0.588453,0.06824757,6.3220763,0.6410389,3
10228,0.9919773,0.80601007,4.004921,0.46221974,4
10229,0.012663871,0.548511,2.3646486,0.74605024,5
10230,0.98678964,0.9647516,0.83582544,0.6905636,6
10231,0.9344975,0.52142876,2.5470905,0.60508573,7
10232,0.11103267,0.47452772,4.383512,0.9700885,8
10233,0.00066901435,0.66878057,2.2055025,0.77788264,9
10234,0.011018979,0.5999345,3.2422183,0.5316415,10
10235,0.19635674,0.024486419,3.5401752,0.5885377,11
10236,0.29507154,0.6361264,1.5838062,0.7718891,12
10237,0.029327825,0.41466358,3.9491644,0.63615465,13
10238,0.028548105,0.5981389,2.797254,1.2367809,14
10239,0.001220808,0.62364835,4.196904,0.63321584,15
10240,0.9036854,0.45827326,3.8683028,0.7030536,16
10241,0.9997466,0.5801725,2.2751718,0.27648544,17
10242,0.79394674,0.52095747,4.245503,0.85140693,18
10243,0.32634062,0.5366192,1.9198456,0.68660855,19
10244,0.6166329,0.55091935,5.067635,1.2282146,20
10245,0.79187137,0.41685665,4.226368,0.9952697,21
10246,0.8713127,0.8065388,1.8588314,0.45200205,22
10247,0.0018712031,0.4533288,2.6899564,0.70431125,23
10248,0.04294669,0.90198755,2.393563,0.808186,0
10249,0.073135644,0.60003954,2.248064,0.7098284,1
10250,0.09625102,0.4818353,1.0649564,0.7822685,2
10251,0.9065943,0.042443577,7.1509113,0.81830746,3
10252,0.91607684,0.9493665,4.6090465,1.2203658,4
10253,0.03499148,0.7645789,2.5298915,0.62255913,5
10254,0.08768781,0.79435855,0.8893072,0.78037435,6
10255,0.11667252,0.5214215,2.273315,0.74334973,7
10256,0.94623244,0.39374453,3.9180157,0.49171448,8
10257,0.0008428085,0.56835335,1.774206,0.65799534,9
10258,0.023610976,0.48475257,2.199428,0.7712135,10
10259,0.4012052,0.04060795,4.3644705,0.67602247,11
10260,0.40455976,0.5616985,1.3347054,0.8157896,12
10261,0.05716909,0.4861346,2.5342848,0.46408015,13
10262,0.040117905,0.8200569,3.8544426,1.0861446,14
10263,0.9117158,0.7171053,3.913391,0.8881641,15
10264,0.28987968,0.41043788,4.6220264,0.60202605,16
10265,0.1047944,0.5963194,2.9046962,0.6747628,17
10266,0.00017526413,0.48892936,5.380347,0.611464,18
10267,8.543404e-06,0.65685755,1.7606788,1.0498364,19
10268,0.6025209,0.57095516,4.9204698,0.5723295,20
10269,0.0065916823,0.38735536,4.4222317,0.87389356,21
10270,0.9359885,0.44022995,1.0474676,0.6470755,22
10271,0.024199355,0.36381647,2.9631088,0.6309335,23
10272,0.073586814,0.9038813,1.7279924,0.6131284,0
10273,0.00083011074,0.20602772,1.4578242,0.9175601,1
10274,0.82155526,0.5686503,1.3073955,0.72409916,2
10275,0.38038668,0.04677782,4.518724,0.9572408,3
10276,0.16961546,0.9123465,3.3361278,1.3018619,4
10277,0.9038456,0.8076544,3.813982,0.7217547,5
10278,0.04434345,0.7837912,0.50929856,0.85765445,6
10279,0.080796644,0.5176177,2.6745021,0.8149673,7
10280,0.3479109,0.55493844,2.9034715,0.6419506,8
10281,0.04905479,0.42039284,1.3597888,0.632796,9
10282,0.16972972,0.54174477,3.3609352,0.7449125,10
10283,0.0017011111,0.046173986,3.2764935,0.8449072,11
10284,0.39743733,0.738462,1.2098087,0.6886702,12
10285,0.9972453,0.31055135,3.228372,0.44444025,13
10286,0.05300549,0.74186724,3.5923817,0.91870815,14
10287,0.024207745,0.86452824,3.676195,0.656557,15
10288,0.77441394,0.40905625,5.5844045,0.8572471,16
10289,0.51423943,0.41997284,2.4870598,0.67938125,17
10290,0.9777996,0.7527904,4.798078,0.5534253,18
10291,0.0071534053,0.71738535,2.0897076,0.60737693,19
10292,0.036565024,0.873839,5.2558746,0.6549137,20
10293,0.053604513,0.3154493,4.057349,0.97625786,21
10294,0.005656716,0.86479187,1.4622309,1.2408752,22
10295,0.55897987,0.26813996,2.899413,0.671454,23
10296,0.97466046,0.57292,1.2607245,0.795412,0
10297,0.045534965,0.40316945,2.2917802,0.8678054,1
10298,0.29223615,0.5492874,1.1023325,0.7748977,2
10299,0.6310399,0.06614409,5.8290796,0.87541425,3
10300,0.8071542,0.7441388,3.0174723,0.4974647,4
10301,0.91398877,0.75159514,3.104755,0.7490205,5
10302,0.024890509,0.76548445,0.95252365,0.81704783,6
10303,0.010212442,0.5472663,3.1906745,0.7870511,7
10304,0.20753352,0.511193,3.4895065,0.6194932,8
10305,0.94423604,0.8123048,2.2907398,0.62287074,9
10306,0.723399,0.65043217,3.4830916,0.66143966,10
10307,0.7932547,0.032876574,4.5982127,0.7725131,11
10308,0.44627497,0.47020102,1.8776535,0.830948,12
10309,0.7793936,0.3376693,2.9038358,0.34444785,13
10310,0.0037746495,0.7923518,5.129371,1.280163,14
10311,0.002976034,0.75309545,4.1112394,0.6166134,15
10312,0.052111264,0.5473149,4.50127,0.7251365,16
10313,2.1505877e-05,0.5802067,2.690778,1.0801414,17
10314,0.59015757,0.66564703,6.086008,0.65548605,18
10315,0.30996662,0.7408966,3.3636003,1.0123047,19
10316,0.88706833,0.67101306,4.4411607,0.39322555,20
10317,0.27886972,0.4859708,4.096376,0.68271506,21
10318,0.92227006,0.708782,1.6016924,0.85016596,22
10319,0.0007353307,0.42932707,3.4781587,0.83974713,23
10320,0.0011990394,0.7985067,1.5248476,0.76193166,0
10321,0.18011601,0.5741719,1.8490725,0.706617,1
10322,0.96476716,0.8594286,1.913439,0.7009762,2
10323,0.6890831,0.05365047,3.513928,1.1100444,3
10324,0.0012402377,0.79959214,3.7405572,0.7187507,4
10325,0.9110025,0.55356365,3.5601127,0.42278346,5
10326,0.002997367,0.41590297,1.0438457,0.6467496,6
10327,0.015048791,0.45098278,2.5512486,0.7241627,7
10328,0.0013672406,0.46465233,4.386365,0.63705635,8
10329,0.0012876593,0.47565177,1.302202,0.6176065,9
10330,0.15558507,0.6020042,2.899108,0.93008053,10
10331,0.14665325,0.024063282,3.9671109,0.7586411,11
10332,0.24446505,0.64859486,1.7270218,1.0974977,12
10333,0.9903639,0.1650033,2.0856745,0.6069852,13
10334,0.08191264,0.7353306,2.9906645,0.92987406,14
10335,0.017327191,0.82293165,4.4528875,0.81722707,15
10336,0.08883916,0.54971755,4.612734,0.91385806,16
10337,0.005717546,0.6917449,2.6241255,0.7801429,17
10338,0.051440414,0.52940637,4.310224,0.90168387,18
10339,0.6017851,0.73944163,2.409539,0.82851183,19
10340,0.015445726,0.77545357,4.8324113,0.5941999,20
10341,0.55355656,0.4680001,3.8191156,0.80037224,21
10342,0.3559611,0.8517581,2.838073,0.6299331,22
10343,0.4046494,0.30152088,3.496522,0.39115983,23
10344,0.67394924,0.8472033,1.9923344,1.0495088,0
10345,0.16612746,0.39039698,1.7718372,0.877169,1
10346,0.81682986,0.63390607,1.115359,0.9557383,2
10347,0.44470644,0.0721309,5.5607433,0.5964943,3
10348,0.05892525,0.83308965,2.9999793,0.71913064,4
10349,0.0020151504,0.5635621,2.3232834,0.9657797,5
10350,0.99651504,0.9262143,0.8551495,0.40018323,6
10351,0.2439288,0.12443666,1.4843798,0.7603872,7
10352,0.49058035,0.4780736,4.303498,0.4555553,8
10353,0.17562939,0.52530754,2.2021978,0.973298,9
10354,0.51125234,0.4119434,2.8747554,0.8041129,10
10355,0.0141595,0.020055607,2.9924555,1.0208664,11
10356,0.34977376,0.40194654,1.1785636,1.2837182,12
10357,0.008653949,0.3544486,2.4988036,1.1382182,13
10358,0.00037057025,0.7481882,3.471544,0.8200974,14
10359,0.2765911,0.74328315,2.822012,0.47819167,15
10360,0.11621182,0.34086183,3.7449598,0.68979967,16
10361,0.00048405852,0.5406688,1.9730626,0.5843815,17
10362,0.3602491,0.46961784,5.889914,0.99265724,18
10363,0.9015499,0.8675245,2.3592386,0.71944916,19
10364,0.0020795106,0.6541648,5.046975,0.7395773,20
10365,0.5652705,0.54974055,3.7742665,0.80116504,21
10366,0.87649643,0.8222746,1.8437881,0.4824604,22
10367,0.0024456892,0.22576156,3.100684,0.563859,23
10368,0.013390909,0.3514922,1.8881986,0.9597171,0
10369,0.0018747769,0.4212639,1.6327403,0.6884196,1
10370,0.14474958,0.91266936,0.9749725,0.79302156,2
10371,0.29844308,0.05829068,4.4580717,0.8165392,3
10372,0.1417603,0.7332872,4.484728,0.9665247,4
10373,0.09606365,0.6258242,3.638667,0.8654218,5
10374,0.0005036826,0.40605778,0.9641042,0.7886441,6
10375,0.7629813,0.81353235,3.7129214,0.9764778,7
10376,0.93246883,0.5382397,4.2460318,0.53210354,8
10377,0.890901,0.615098,2.470242,0.4127447,9
10378,0.55441874,0.5375191,4.1718836,0.8197825,10
10379,0.16885072,0.040664837,4.315563,0.52194726,11
10380,0.45761958,0.7660052,1.947489,0.8387783,12
10381,0.0059730182,0.40522647,3.4563627,0.9147883,13
10382,0.0036761328,0.7086026,3.343803,0.84737885,14
10383,0.8891796,0.94290614,3.1876097,1.1230023,15
10384,0.26960614,0.29471663,3.5189476,0.5544721,16
10385,0.0972862,0.741279,3.0568504,0.58763987,17
10386,0.23439811,0.43314123,4.471882,0.7316663,18
10387,0.021834187,0.8781537,2.1869037,0.7953873,19
10388,0.018194318,0.864293,5.100713,0.58388954,20
10389,0.14317936,0.3263722,3.5648108,0.6296951,21
10390,0.005855226,0.5371046,1.0109779,1.1882145,22
10391,0.9431052,0.26810768,2.0544262,0.75652474,23
10392,0.24616344,0.5221625,1.4561222,0.59428424,0
10393,0.89238405,0.7402426,3.266758,1.0446335,1
10394,0.12133881,0.7312144,1.2332155,0.82315034,2
10395,0.6458969,0.072771676,4.370098,0.76222056,3
10396,0.38126758,0.8495139,3.4661362,0.81119,4
10397,0.21406922,0.7572086,3.255414,1.0093371,5
10398,0.2132261,0.5214472,1.3390254,0.606053,6
10399,0.17042199,0.39872265,2.7485917,0.8586664,7
10400,0.025420904,0.38961938,4.401058,0.56550956,8
10401,0.9784508,0.5896149,1.6242713,0.5532862,9
10402,0.75331014,0.6190298,2.9403913,0.78054106,10
10403,0.78590685,0.021635234,3.8619552,1.0304143,11
10404,0.24357302,0.44808397,1.7576506,0.7938209,12
10405,0.500381,0.444553,2.2883577,1.3218278,13
10406,0.27259275,0.8720665,4.237573,0.9421409,14
10407,0.050514527,0.87969327,3.9204118,0.8885555,15
10408,0.9261418,0.40050182,3.5139468,0.8322146,16
10409,0.018335065,0.50751305,2.0283802,0.66700363,17
10410,0.6615385,0.58254546,4.8007994,0.59830165,18
10411,0.08076591,0.84393716,2.911849,0.8461302,19
10412,0.008190048,0.761912,4.2956204,0.7242572,20
10413,0.38651174,0.34252387,3.9528246,0.7564974,21
10414,0.0039792866,0.7476373,1.6162376,0.87086856,22
10415,0.019389099,0.1846783,2.8492274,0.822877,23
10416,0.00025740935,0.66424835,1.6013216,0.9016209,0
10417,0.058193292,0.42111003,1.2743523,0.7657467,1
10418,0.12153928,0.5690365,0.5303175,0.66759217,2
10419,0.70608944,0.09704484,7.175548,1.0653292,3
10420,4.1452957e-05,0.7562464,4.488047,0.7117615,4
10421,0.001678789,0.6771781,2.4162903,1.1455102,5
10422,0.16029866,0.46504396,1.2065051,0.73345727,6
10423,0.020101316,0.5512965,2.0252793,0.98465693,7
10424,0.021121465,0.45070544,5.1310987,0.87520766,8
10425,0.054926004,0.65252924,2.7868323,1.0036228,9
10426,0.098765776,0.49054995,3.1567464,0.7329234,10
10427,0.7769119,0.023484223,3.4761832,0.8888434,11
10428,0.40138778,0.65622467,1.3871808,1.1760347,12
10429,0.3552712,0.31170008,2.2548046,0.7682471,13
10430,0.9899306,0.8302184,2.7042494,0.5627212,14
10431,0.3299399,0.7373886,3.6942658,0.6287087,15
10432,0.29877347,0.31991133,4.208391,0.90284145,16
10433,0.99637115,0.51733536,2.6345398,0.41224805,17
10434,0.0011664807,0.58122826,4.024246,0.9177024,18
10435,0.000555183,0.78952974,1.5923856,1.3324931,19
10436,0.92038685,0.50174993,3.9110732,0.48349142,20
10437,0.75538045,0.32727197,4.169277,0.7236105,21
10438,0.029541424,0.7961699,1.7237558,1.0214384,22
10439,0.9264879,0.3150854,2.4609866,0.77351165,23
10440,0.9996119,0.8949019,2.1852014,0.6006413,0
10441,0.6551034,0.3977725,1.6669552,0.8214419,1
10442,0.7627055,0.5869564,1.2277844,1.1501087,2
10443,0.52811146,0.05672135,4.768717,0.63229376,3
10444,0.22294252,0.8518526,4.0180845,0.6977968,4
10445,0.0840838,0.72362053,3.5690436,0.7785222,5
10446,0.997097,0.44336697,1.0272061,0.81639296,6
10447,0.12862322,0.41041017,2.5187225,0.9517768,7
10448,0.0006910846,0.48409605,2.97691,0.95364004,8
10449,0.018413506,0.4050155,1.3750492,0.6418829,9
10450,0.06882919,0.42655775,3.780931,0.92937225,10
10451,0.5438407,0.015496998,3.39514,0.89695936,11
10452,0.16064166,0.35196716,1.39868,0.6944933,12
10453,0.0033512164,0.43060097,3.8080745,0.7930642,13
10454,0.2875181,0.837867,2.3007503,0.66037303,14
10455,0.98382205,0.8695034,3.6111186,0.5557264,15
10456,0.00031667322,0.28202838,3.8042247,0.96025527,16
10457,0.9997125,0.7110719,3.6361876,0.45497534,17
10458,0.9962329,0.6191018,4.1786685,0.5774603,18
10459,0.012910151,0.87748843,2.8623912,0.7058123,19
10460,0.0046982183,0.7863158,5.4464316,0.7059319,20
10461,0.8288123,0.45759243,4.3224792,0.88108134,21
10462,0.14434585,0.7475716,1.1005025,0.65129286,22
10463,0.0014389833,0.2551303,2.4512115,0.59783345,23
10464,0.016094785,0.48000368,3.363229,0.9568534,0
10465,0.2550868,0.6694247,2.893267,0.6090438,1
10466,0.41005743,0.91128963,0.5603009,0.8803059,2
10467,0.21401037,0.07961527,5.592499,0.7232633,3
10468,0.99995923,0.90271753,3.2786462,0.49962506,4
10469,0.7143502,0.73342246,3.3405046,0.9630666,5
10470,0.025992176,0.45257348,0.7100427,0.6594348,6
10471,0.11167826,0.64279974,2.5023568,0.7470823,7
10472,0.054714173,0.6379076,5.294637,0.8182503,8
10473,3.9139537e-05,0.6219502,1.8928443,0.9146606,9
10474,0.22710356,0.6143347,2.6788096,0.44000912,10
10475,0.35443592,0.031584553,3.8352542,0.6864474,11
10476,0.393742,0.4498544,0.81927586,0.8844402,12
10477,0.034261163,0.30018628,2.8946888,0.6933224,13
10478,0.016306976,0.87686723,4.577449,0.6294695,14
10479,0.08698906,0.8575561,3.8144908,0.67714244,15
10480,0.2628448,0.49320042,5.4846377,0.718825,16
10481,0.07202992,0.6571798,2.2359428,0.47775447,17
10482,0.004598543,0.3950982,4.830538,0.5275833,18
10483,0.91501284,0.63359773,2.1831865,0.6641797,19
10484,0.25875536,0.74574393,3.7648273,0.48937923,20
10485,0.121343724,0.455024,3.1945486,0.82250416,21
10486,4.7557776e-07,0.6705082,2.7710545,1.3016874,22
10487,0.5553774,0.26927996,2.179809,0.652622,23
10488,0.940676,0.80603206,1.5334381,0.4741743,0
10489,0.079152316,0.37634343,1.8895819,0.7898856,1
10490,0.2535614,0.65517896,1.1921839,0.61573094,2
10491,0.44700593,0.07854141,4.2998343,0.7301264,3
10492,0.4512406,0.9254524,5.48777,0.9761879,4
10493,0.0068939747,0.63912845,2.9398494,0.82341886,5
10494,0.00018907398,0.87862635,1.2750275,1.3114123,6
10495,0.60118246,0.7545188,2.0015826,0.8107307,7
10496,0.7897187,0.52868325,4.4138246,0.61135,8
10497,0.36805838,0.6828781,1.9169197,0.861857,9
10498,0.0070949905,0.5920966,3.2724924,0.7289641,10
10499,0.048131213,0.01676461,2.5292053,0.8810321,11
10500,0.24464989,0.6388743,0.89468193,0.68262696,12
10501,0.049952358,0.49316782,3.894715,0.78108996,13
10502,0.6387863,0.84690267,4.01425,0.8387932,14
10503,0.98707956,0.86888385,4.4201617,0.592792,15
10504,0.58275265,0.4100604,3.4849002,0.6274029,16
10505,0.2693123,0.7517986,3.8452802,0.8718297,17
10506,0.35529506,0.41907427,5.230234,0.6273545,18
10507,0.24759477,0.78707945,2.3120415,0.6536984,19
10508,0.8630163,0.7547149,5.243314,0.69961697,20
10509,0.5136975,0.40275985,3.1355097,0.53455555,21
10510,0.0024453436,0.62166214,1.5618751,0.8431207,22
10511,0.10955521,0.19467632,3.5500166,1.0876229,23
10512,0.47654787,0.65319407,2.6772192,0.6005235,0
10513,0.4005243,0.60537785,2.174423,0.57769525,1
10514,0.011810655,0.14950591,1.4002805,0.55333877,2
10515,0.2928043,0.07724548,4.407957,0.8220113,3
10516,0.6393196,0.8039048,5.347404,0.6290301,4
10517,0.016353585,0.84248024,2.7275097,0.68468523,5
10518,0.19554067,0.20494723,0.8055105,0.57481277,6
10519,0.48691225,0.4610805,1.6010939,0.9439696,7
10520,0.053347047,0.40155256,3.4043825,0.65338844,8
10521,0.99740607,0.2639845,2.1095862,0.5997121,9
10522,0.0039992332,0.43671706,3.495054,0.7066753,10
10523,0.3753145,0.021088758,3.6620545,0.6977459,11
10524,0.2377671,0.2064354,0.738777,0.8661315,12
10525,0.08788517,0.32401988,2.4310348,0.79133517,13
10526,0.22262521,0.6459312,3.576032,0.65956545,14
10527,0.9999466,0.9096387,2.2946115,0.57314336,15
10528,0.93416953,0.30907393,3.4939337,0.90590566,16
10529,0.045164935,0.5674321,2.8064494,0.84373105,17
10530,0.7172706,0.62028825,5.392551,0.54242903,18
10531,0.003461229,0.47743112,2.3227289,0.5859017,19
10532,0.0010626753,0.5913252,5.1063414,0.79840446,20
10533,0.17336811,0.334956,4.4882793,0.4356518,21
10534,0.00663069,0.5074281,1.207495,0.75802857,22
10535,0.00031747215,0.28009012,2.7481186,0.6111579,23
10536,0.028588383,0.7576793,2.2496445,0.6408686,0
10537,0.018130543,0.54025453,2.3616505,0.5912198,1
10538,0.015378599,0.7491614,0.92881846,0.6939213,2
10539,0.16783239,0.07401702,6.213395,0.8773099,3
10540,0.00010472896,0.7709325,4.1388564,0.87263525,4
10541,0.82726324,0.8588649,4.4001718,0.46252087,5
10542,0.00080910535,0.74339294,0.7616166,0.5802591,6
10543,0.4619931,0.84352565,2.8756776,0.66435164,7
10544,0.37247276,0.530269,4.1580744,0.56203896,8
10545,0.9590623,0.5201002,1.7421736,0.9429565,9
10546,0.8250555,0.6300924,3.7797542,0.7610111,10
10547,0.04684766,0.034758255,3.6538796,0.61713064,11
10548,0.52598155,0.8054306,2.3720052,0.82714266,12
10549,0.0073908237,0.4919445,2.4959831,0.76828206,13
10550,0.316715,0.7545186,3.4121976,0.61355364,14
10551,0.4795666,0.816049,4.0272436,0.5152713,15
10552,0.021336244,0.47433,3.48889,1.1092513,16
10553,0.15184395,0.7002281,2.877119,0.57879907,17
10554,0.51554036,0.51405346,4.44821,0.7337048,18
10555,0.0015459211,0.37992406,2.4656515,0.6957363,19
10556,0.9461528,0.69863594,4.7175446,0.37736523,20
10557,0.78654546,0.3310601,4.6972547,0.49251866,21
10558,0.03071848,0.55995667,1.4228498,0.68158865,22
10559,0.76556945,0.37462938,1.3954753,0.7213086,23
10560,0.13104181,0.7608146,2.00697,0.5664948,0
10561,0.051685978,0.651249,1.7144315,0.68973595,1
10562,0.1812071,0.41763332,1.5267658,0.91191685,2
10563,0.84521836,0.047896706,6.1405916,1.0931406,3
10564,0.00068578473,0.9391662,3.3401113,0.91554374,4
10565,0.018268092,0.86496466,3.565723,1.0607268,5
10566,0.00084945845,0.7440047,1.667181,0.8590558,6
10567,0.0133251045,0.5822925,3.0274267,1.1454685,7
10568,0.0151514625,0.5130694,4.0111203,0.6660259,8
10569,0.014320638,0.3967995,2.6592836,0.7522437,9
10570,0.37106398,0.6314131,2.7756932,0.6449599,10
10571,0.050944876,0.028057175,3.7714317,0.865332,11
10572,0.42806262,0.73798764,1.1589518,0.9233564,12
10573,0.5434958,0.40860054,2.5677779,0.8593348,13
10574,0.008244199,0.9007842,4.8543687,0.8746421,14
10575,0.021574037,0.8138673,3.9238393,0.5223421,15
10576,0.5893518,0.48990962,5.079669,0.6484442,16
10577,0.0077383537,0.6805217,2.7796016,0.82798326,17
10578,0.25621846,0.41962007,2.9271102,0.53847766,18
10579,0.09153342,0.8462593,2.077373,0.6836513,19
10580,0.093021125,0.79244345,5.395028,0.6045056,20
10581,0.66648066,0.37211967,3.969591,0.6227411,21
10582,0.9453555,0.6337892,2.047132,0.4259343,22
10583,0.20638101,0.21536632,1.975484,0.6271328,23
10584,0.0018971224,0.48720184,2.1002162,0.9820796,0
10585,0.7990247,0.4902041,1.7331591,0.7463099,1
10586,0.018830955,0.34028915,0.98647547,0.7242985,2
10587,0.7661007,0.065094374,5.8454494,1.0688396,3
10588,0.030512469,0.93082976,3.856288,0.7247138,4
10589,0.72521234,0.77640736,2.7771883,0.7287351,5
10590,0.0010333164,0.5888128,1.9022534,0.56526315,6
10591,0.2755149,0.1910248,1.7454422,0.70918506,7
10592,0.8735409,0.40253335,3.6670713,0.733075,8
10593,0.10059182,0.7982739,1.7227982,0.77146536,9
10594,0.62071395,0.4816372,2.6514387,0.95569223,10
10595,0.09855863,0.020881675,3.750668,0.64400923,11
10596,0.4973401,0.52364284,1.8310866,1.2388526,12
10597,0.028998824,0.26921892,2.245796,0.72901773,13
10598,0.07108839,0.6195493,4.2259035,0.72203064,14
10599,0.7309815,0.7943234,3.9801831,0.3423205,15
10600,0.80203336,0.33416814,3.4862194,0.85097855,16
10601,0.056514844,0.591224,3.3633676,0.67606544,17
10602,0.00026890682,0.38529482,4.7088294,0.7180694,18
10603,0.00015548045,0.5663775,2.0565438,0.7249994,19
10604,0.00067736494,0.6491684,3.9272265,1.23464,20
10605,0.2615551,0.42812485,3.2203226,0.81357116,21
10606,0.004624296,0.7060252,1.9074225,0.64386606,22
10607,0.6186956,0.1667318,1.8597376,0.7772073,23
10608,0.18375064,0.5608491,2.2479377,0.5265268,0
10609,0.57148254,0.34120145,3.2667046,0.76654303,1
10610,0.5898382,0.2673635,1.489386,0.69637483,2
10611,0.6920139,0.046536155,5.4305053,0.8469193,3
10612,0.0018466294,0.861526,3.8816466,0.5673387,4
10613,0.36042187,0.9078295,3.392901,0.7151519,5
10614,0.0036776965,0.1210013,0.66515195,0.4561425,6
10615,0.8484189,0.2850944,2.1497116,0.51616067,7
10616,0.23677582,0.7008476,5.810861,0.69452167,8
10617,0.9998479,0.9337005,2.5050733,0.37889594,9
10618,0.05548528,0.6888878,2.7974753,0.5133433,10
10619,0.09267873,0.012618205,2.8939934,0.70093596,11
10620,0.33292654,0.6258657,1.9398028,1.1626408,12
10621,0.052162282,0.28871801,1.9555615,1.0259743,13
10622,0.01100502,0.77892596,4.6665664,0.8987229,14
10623,0.018374063,0.73123664,2.804328,1.0204155,15
10624,0.038553145,0.41239503,4.7189755,0.70079935,16
10625,0.01092242,0.4004036,2.0991466,0.56705236,17
10626,0.0096532805,0.5142554,5.4962187,0.76599765,18
10627,0.9311601,0.850851,1.6403594,0.71120405,19
10628,0.45440963,0.7358394,4.267369,0.42637107,20
10629,0.5614148,0.3926468,3.4149075,0.7682315,21
10630,1.8791077e-05,0.8385475,2.4624224,1.1051223,22
10631,0.19762635,0.25910482,2.5160213,0.6200981,23
10632,0.017172508,0.8462507,1.615361,0.716644,0
10633,0.026174206,0.21747237,1.5279253,0.79573125,1
10634,0.9386335,0.6551752,1.1161855,0.77740014,2
10635,0.5814615,0.063705,5.2446194,0.628339,3
10636,0.00018453947,0.89458096,4.9243507,1.5325011,4
10637,0.19230995,0.7926063,2.3671696,0.7328257,5
10638,3.349369e-05,0.67019886,1.2608604,0.4923807,6
10639,0.4352135,0.667794,2.645271,0.85750335,7
10640,0.0038653533,0.64754397,5.1125803,0.7184505,8
10641,0.001550114,0.7375438,2.1466885,1.2576094,9
10642,0.062226616,0.73672885,3.664781,1.0816131,10
10643,0.009512209,0.038373884,4.0754104,0.69278824,11
10644,0.7252803,0.63388634,1.0398141,1.2053409,12
10645,0.35583502,0.2786218,2.052166,0.54622823,13
10646,0.110825166,0.7524405,3.744199,0.77496827,14
10647,0.00471723,0.7616195,2.8937716,0.68358886,15
10648,0.87069786,0.3401172,4.667882,1.0264007,16
10649,0.56381154,0.4759439,3.529345,0.68184185,17
10650,0.90729666,0.50887567,3.930216,0.738093,18
10651,0.0058930404,0.7897652,2.2855349,0.7427077,19
10652,0.0015884859,0.5884773,4.5385337,1.0872331,20
10653,0.96214694,0.40379432,4.6199045,0.41629988,21
10654,0.0020333524,0.72225004,2.3023007,0.9533098,22
10655,0.0074652634,0.14205086,1.8994385,0.5593005,23
10656,0.0051815757,0.5574907,1.4316809,0.5878787,0
10657,0.38106927,0.6857507,1.843043,0.93097377,1
10658,0.7092858,0.7286757,0.9401349,0.685464,2
10659,0.43981513,0.06713816,4.2228775,0.9726072,3
10660,0.9929328,0.87205243,4.435946,0.4444753,4
10661,0.003696409,0.9097973,3.72541,0.85161394,5
10662,0.0002213425,0.81616277,0.97382915,0.9313074,6
10663,0.078561634,0.2710872,2.815339,0.8013374,7
10664,0.040289205,0.43035665,5.1862345,0.46539474,8
10665,0.04902275,0.33640513,1.3919487,0.80761486,9
10666,0.9818162,0.6243012,3.561013,0.75676095,10
10667,0.046523284,0.01879331,3.4283738,0.73496705,11
10668,0.16021451,0.52310354,1.2185829,0.8223876,12
10669,0.8358807,0.4782322,3.008852,0.43563086,13
10670,0.96117526,0.73999506,3.971238,0.5373142,14
10671,0.5544335,0.7789444,4.230749,0.43439892,15
10672,0.036928385,0.42937893,4.6398687,0.65926677,16
10673,0.6196243,0.6270531,2.7097855,0.7843661,17
10674,0.17409578,0.5150227,4.847798,0.4967634,18
10675,0.96830183,0.6675062,1.6714661,0.7886684,19
10676,0.508831,0.73761666,3.956973,0.91057664,20
10677,0.15256602,0.3794714,4.53189,0.6160958,21
10678,0.13343899,0.5994608,1.7801936,0.63748753,22
10679,0.9910944,0.22627701,2.7588687,0.57990515,23
10680,0.0137385335,0.3823492,2.172116,1.3578063,0
10681,0.9198631,0.4515115,1.7406486,0.55935764,1
10682,0.12671204,0.85536313,1.6291975,0.8884723,2
10683,0.59798443,0.07336007,5.8698807,0.6402023,3
10684,0.5652214,0.9139772,4.1377397,0.7948169,4
10685,0.468546,0.71261394,3.9411345,0.5281574,5
10686,0.9999634,0.8466432,1.4947848,0.6428962,6
10687,0.031106077,0.47694913,1.9386051,0.89356834,7
10688,0.94383955,0.5193556,4.9655714,0.6063311,8
10689,0.99958295,0.62337,2.0813313,0.44920123,9
10690,0.12171326,0.632031,3.9778984,0.56931365,10
10691,0.12737173,0.041491725,4.2147627,0.4228636,11
10692,0.39872932,0.79535985,1.1029947,0.7494931,12
10693,0.8482966,0.4160159,2.6741447,0.63651013,13
10694,0.021526111,0.5449041,3.4768283,1.2233188,14
10695,4.809296e-06,0.9138632,4.281022,0.8615916,15
10696,0.12986511,0.29866892,4.514139,0.59127164,16
10697,0.033369847,0.5133476,1.6657267,0.556049,17
10698,0.00034819904,0.50424045,5.117606,0.71276116,18
10699,0.007764055,0.65776205,1.9576842,0.60432243,19
10700,0.562351,0.68381226,3.3369591,0.8899368,20
10701,0.9990564,0.46656972,3.8345408,1.0322713,21
10702,0.040744778,0.6940991,1.6645528,0.76131016,22
10703,0.56679684,0.36310348,3.481367,0.80354387,23
10704,0.91782016,0.73755664,2.2002409,0.5882699,0
10705,0.08253336,0.46508974,1.7936745,0.6129923,1
10706,0.9450892,0.9110427,1.8306363,0.85053945,2
10707,0.0913635,0.088082984,4.7284374,0.7496606,3
10708,0.068082765,0.83723956,3.1007295,0.9177797,4
10709,0.43148452,0.8280566,2.5513992,0.6524327,5
10710,0.0008288816,0.8664201,1.0840255,0.6384197,6
10711,0.94905823,0.43169075,2.8643408,0.52304953,7
10712,0.07259011,0.48410064,4.463736,0.9160156,8
10713,0.08548449,0.5423093,1.944372,0.94317913,9
10714,0.19802998,0.49522766,2.4875717,0.68839794,10
10715,0.051607132,0.031109992,2.9628599,0.917986,11
10716,0.2853046,0.68048984,1.1849583,0.8357867,12
10717,0.019544765,0.32258484,2.4400065,0.96944356,13
10718,0.4608385,0.79566044,2.229092,0.9043861,14
10719,0.014348577,0.8675511,3.1589663,0.94006664,15
10720,0.67731535,0.50848883,4.774221,0.83068156,16
10721,0.0787257,0.67719257,2.0141416,0.60032165,17
10722,0.37203276,0.56243175,4.9707365,0.5493153,18
10723,0.051241785,0.8327571,2.4283636,0.6791141,19
10724,0.9553578,0.7263518,4.8425617,0.43099883,20
10725,0.44505596,0.2468825,3.9576218,0.50037795,21
10726,2.3302084e-07,0.8027437,1.9925838,1.4530153,22
10727,0.99858934,0.17320147,3.118181,0.5324727,23
10728,0.43010968,0.5344078,3.0660338,0.56788737,0
10729,0.13964306,0.284805,1.8776104,0.7846394,1
10730,0.19380485,0.9000866,0.9450671,0.6992734,2
10731,0.42946348,0.08239193,4.917012,1.1703197,3
10732,0.31672087,0.88524574,4.1890244,0.7091367,4
10733,0.018820332,0.79189867,4.285282,0.95892704,5
10734,3.0604306e-06,0.8424816,0.7387977,0.6359744,6
10735,0.0010456981,0.63676196,3.098082,0.61571646,7
10736,0.23647185,0.49322188,4.3704143,0.75901395,8
10737,0.9927763,0.75681454,1.7978835,0.7069352,9
10738,0.12635262,0.6590347,2.7366562,0.7362871,10
10739,0.23035693,0.039850086,3.3658948,0.47314864,11
10740,0.31917053,0.19709432,1.148249,0.92961705,12
10741,0.031066187,0.3587162,2.2156162,0.5551585,13
10742,0.10504259,0.87622297,3.2970228,0.7364011,14
10743,0.00029282513,0.68699116,3.778192,0.694054,15
10744,0.020339802,0.3048656,4.2042103,0.70811874,16
10745,0.0058730254,0.5209287,1.9749477,0.50287575,17
10746,0.00010943895,0.67615527,4.389718,0.91959804,18
10747,0.012849213,0.51689726,2.0180032,0.81446505,19
10748,0.5536266,0.72414845,5.328805,0.5900336,20
10749,0.94783926,0.5324582,3.979929,0.8468121,21
10750,0.5614454,0.7175015,1.6214218,0.6718587,22
10751,0.50018704,0.22206526,2.3387787,0.61875546,23
10752,0.579752,0.5696357,2.171497,0.45723253,0
10753,0.51091796,0.18363698,1.881045,0.85743123,1
10754,0.7337202,0.822823,1.2390009,1.0052695,2
10755,0.4818765,0.07271226,4.6244655,0.9243124,3
10756,0.00023907702,0.889465,4.8637953,1.0078876,4
10757,0.296869,0.86390203,3.64933,0.8399303,5
10758,0.7195123,0.93683857,1.0240139,0.67827636,6
10759,0.060512327,0.29093453,2.6468058,0.62397116,7
10760,0.1895454,0.42771864,3.5298274,0.53596354,8
10761,0.00016256272,0.18608758,1.5298202,0.80737823,9
10762,0.026531791,0.4085281,3.2622206,0.52863336,10
10763,0.06909099,0.02026884,3.3821437,0.7808517,11
10764,0.73307526,0.34889603,1.5179974,0.98870283,12
10765,0.059736278,0.34607685,3.7893856,0.59025794,13
10766,0.7262115,0.7832987,4.477659,0.8771372,14
10767,0.08006991,0.90250665,4.328367,0.52482593,15
10768,0.74281114,0.4052289,3.971377,0.8104013,16
10769,0.00066163315,0.7386185,3.99384,1.0101126,17
10770,0.9200508,0.4668077,3.101706,0.5469701,18
10771,0.003177464,0.47499117,2.3695269,1.1045606,19
10772,0.009459307,0.7300419,4.541268,0.5760952,20
10773,0.036768816,0.40212947,3.4963384,0.6699805,21
10774,0.9766888,0.29301986,2.248713,0.59097105,22
10775,0.5587869,0.36255237,3.2869263,0.6202347,23
10776,0.0028718507,0.8000922,1.4224918,0.9592417,0
10777,0.025543498,0.38967136,2.4371037,0.74974245,1
10778,0.9738782,0.9100877,0.8855064,0.74544,2
10779,0.68939036,0.07136855,4.5835743,0.99361265,3
10780,0.562766,0.94011885,3.2258096,0.71924025,4
10781,0.89853966,0.7891297,2.2283046,0.73828226,5
10782,0.17835741,0.22921598,0.94200975,0.95290065,6
10783,0.039464414,0.44532308,2.6707199,1.1014937,7
10784,0.6338999,0.3557944,3.807207,0.6369379,8
10785,0.018140877,0.67735153,1.741153,0.9487435,9
10786,0.92228174,0.5844966,3.086283,0.635773,10
10787,0.7449712,0.017409109,3.2628784,0.94276476,11
10788,0.33579797,0.5370121,1.5489848,0.6274369,12
10789,0.65352595,0.28051236,3.0622003,0.53127575,13
10790,0.64975435,0.7389804,3.834839,0.9648016,14
10791,0.9973302,0.8275078,3.1352892,0.8778049,15
10792,0.29563028,0.4668796,4.915021,0.7455527,16
10793,0.018213471,0.42046255,2.596042,0.58437115,17
10794,0.02784658,0.5928837,4.4115934,0.54906845,18
10795,0.46576923,0.73049694,3.7511733,0.61042595,19
10796,0.20843863,0.6970967,4.9132805,0.7801819,20
10797,0.22272667,0.42319566,3.8278956,0.5884042,21
10798,0.97539586,0.47098494,1.9640781,0.58022034,22
10799,0.03514994,0.3332691,4.7999234,0.5035224,23
10800,0.9519938,0.6284364,1.9970094,0.6735574,0
10801,0.40701854,0.45708197,1.3940525,0.5976969,1
10802,0.013677129,0.79264873,1.0128022,0.99447536,2
10803,0.19253989,0.06523781,4.9612174,0.6553373,3
10804,0.020554371,0.8074266,3.6394506,0.90496135,4
10805,0.8447281,0.861478,1.9234515,0.63469124,5
10806,0.00025132,0.5356444,0.8650905,0.69225615,6
10807,0.0059505724,0.54129004,2.8601983,0.66180634,7
10808,0.060516603,0.4011203,4.939293,0.8834327,8
10809,0.10782143,0.34467143,1.9508429,0.6956799,9
10810,0.21959348,0.46800324,3.7898448,0.76559097,10
10811,0.013794047,0.013656179,2.9364622,0.6416684,11
10812,0.2734575,0.40103394,1.3895034,0.90298796,12
10813,0.04717601,0.45710272,3.8057373,0.6838988,13
10814,0.0012310165,0.70195276,3.5301254,0.7411752,14
10815,0.0010265949,0.7686493,4.416063,0.8968688,15
10816,0.2334844,0.28906232,3.0930138,0.83122814,16
10817,0.97451854,0.77235985,2.9790158,0.6252382,17
10818,0.81649923,0.5589005,4.0982876,0.68350226,18
10819,0.41927585,0.9196542,2.6330686,0.6721198,19
10820,0.34221956,0.6518635,3.995031,0.41319862,20
10821,0.0020767062,0.31697026,3.437688,1.0636604,21
10822,0.04418419,0.43392137,1.8649483,0.4180251,22
10823,0.015339924,0.3307786,3.097529,0.71651506,23
10824,0.00054143666,0.70735675,1.5318358,1.0529627,0
10825,0.055567343,0.62049913,2.2715132,0.63013226,1
10826,0.95820177,0.78846276,1.2064601,0.9944235,2
10827,0.3900057,0.061870147,4.2165236,0.79049397,3
10828,0.7566076,0.8890251,4.075199,0.8276329,4
10829,0.010030043,0.85251063,2.5640392,0.79606766,5
10830,0.067383386,0.42079723,1.4948194,0.8631552,6
10831,0.009411247,0.27927622,1.8363427,1.1921709,7
10832,0.9699851,0.36606982,4.002094,0.5885368,8
10833,0.0075123124,0.19673248,1.4874423,0.94946563,9
10834,0.30586886,0.70456135,3.8458297,0.64272076,10
10835,0.035739765,0.03137412,3.98588,0.57190037,11
10836,0.50290215,0.47282895,1.1505553,0.99622834,12
10837,0.30563787,0.29735747,2.652061,0.51178676,13
10838,0.92586815,0.79096085,3.9900854,0.5853076,14
10839,0.21286267,0.6248884,2.6252713,0.95799196,15
10840,0.16354142,0.34241867,5.427132,1.1092477,16
10841,0.018414998,0.27776173,2.9113789,1.0443833,17
10842,0.0999933,0.56221855,4.364337,0.9191481,18
10843,0.00012814607,0.65514684,2.9445338,1.0491542,19
10844,0.059563167,0.5888562,4.4863706,1.153945,20
10845,0.37800455,0.3894521,2.9586477,0.5651976,21
10846,0.13324352,0.7826255,1.2866476,0.6429964,22
10847,0.9137317,0.29921386,2.8555834,1.0142372,23
10848,0.57464916,0.4262306,0.99419737,0.5151168,0
10849,0.032927606,0.7320025,3.2028413,0.7594248,1
10850,0.059099942,0.6235589,1.419127,0.8523562,2
10851,0.5802922,0.06939786,5.005736,0.6900924,3
10852,0.9669155,0.80389154,4.8712826,0.7286185,4
10853,0.035615932,0.66425824,2.6957285,0.63041425,5
10854,0.22032437,0.5642402,0.71746385,0.88272715,6
10855,0.7139151,0.6001868,1.7726994,0.6552282,7
10856,0.50437504,0.31941772,4.016698,0.6068707,8
10857,0.03123463,0.7961816,2.4069612,0.59970057,9
10858,0.25308004,0.4543331,3.5514135,0.9356164,10
10859,0.74336976,0.028526358,4.397949,0.68954796,11
10860,0.5278504,0.6038523,1.6199793,0.92902887,12
10861,0.843368,0.41164955,2.9798818,0.73636025,13
10862,0.0029980794,0.7697828,4.005703,0.6108972,14
10863,0.8068719,0.8880672,4.159094,0.45156416,15
10864,0.21670334,0.41275698,3.2816336,0.49520737,16
10865,0.00059458567,0.6553228,3.0404046,0.66432226,17
10866,0.06873262,0.5068871,4.8161736,0.8402756,18
10867,0.07456216,0.8054129,2.6781955,0.71808445,19
10868,0.531632,0.72144026,4.634879,0.47728407,20
10869,0.18163532,0.34453475,3.4685102,0.9338456,21
10870,0.008231858,0.6105416,2.1568224,0.81555,22
10871,0.16996554,0.2589862,2.2862475,0.7716017,23
10872,0.0018475141,0.6156777,2.7781124,0.9257221,0
10873,0.0449952,0.5033313,1.1326973,1.0462294,1
10874,0.6820565,0.9485032,1.3950729,0.8665739,2
10875,0.33646134,0.060801115,5.5636253,0.8101142,3
10876,0.998692,0.822143,4.3148913,0.6930893,4
10877,0.027580122,0.7495165,2.9968646,0.63492185,5
10878,7.8926794e-05,0.76241666,0.8466376,0.60738945,6
10879,0.13593996,0.5866016,1.997052,0.45112365,7
10880,0.27217877,0.52200425,3.9179685,0.98133117,8
10881,0.00057659304,0.878675,2.9682755,0.5920745,9
10882,0.28577048,0.45716608,2.7468493,0.75678897,10
10883,0.8019126,0.021461556,4.7172785,0.48588014,11
10884,0.64602935,0.5626331,1.7594367,0.9151843,12
10885,0.0240227,0.5604082,2.3921053,0.6486223,13
10886,0.0012358263,0.67860407,3.2048523,1.0690888,14
10887,3.971699e-05,0.740243,3.0910192,1.0277829,15
10888,0.006870682,0.2967053,4.253456,0.59838355,16
10889,0.94153553,0.6304489,2.0929768,0.521405,17
10890,0.98586977,0.47397357,4.746683,0.5872234,18
10891,0.030569246,0.5008005,1.8887098,0.6272637,19
10892,0.26305765,0.63252306,6.0100136,0.43974194,20
10893,0.95763063,0.31937566,5.830455,0.56299514,21
10894,0.0063073435,0.556521,1.2991266,0.59534234,22
10895,0.028240008,0.2272786,3.0765746,0.51888144,23
10896,0.0024347897,0.7355812,2.0390522,0.6134773,0
10897,0.027830087,0.18044539,1.5902721,0.80969757,1
10898,0.64076656,0.82216966,1.5875196,1.0105072,2
10899,0.3328455,0.08126022,6.1046133,0.8719741,3
10900,0.00926519,0.72128135,4.0827503,0.95064765,4
10901,0.030718273,0.7887546,3.950156,0.7261127,5
10902,0.0037900456,0.73845524,1.5595407,0.7816336,6
10903,0.0021266635,0.643926,3.7170882,0.7181413,7
10904,0.033578735,0.3953475,3.9763947,0.7356736,8
10905,0.92162895,0.8742205,1.6629536,0.59386015,9
10906,0.5061857,0.68772936,3.8058221,0.44308597,10
10907,0.08494972,0.02108892,3.9355264,0.6004107,11
10908,0.21925354,0.41352937,1.3070531,0.9842192,12
10909,0.97079796,0.38481262,2.3536508,0.75424397,13
10910,0.48021516,0.8092045,3.5760736,0.7858336,14
10911,0.6188936,0.83104587,2.8985403,0.8487428,15
10912,0.33728525,0.44272387,3.4849372,0.7102699,16
10913,0.0009767895,0.4182324,2.8334956,0.4644918,17
10914,0.009424975,0.5050496,6.1403375,0.5671752,18
10915,0.025584666,0.624763,2.0902922,0.6055307,19
10916,0.06976729,0.6286651,4.80768,0.6370494,20
10917,0.107662246,0.36782482,3.4811277,0.5994939,21
10918,0.0024601994,0.76574546,2.333209,0.7845708,22
10919,0.6610711,0.60155237,2.4454741,0.6447584,23
10920,0.47861236,0.72305626,1.2501826,0.3476616,0
10921,0.00094503316,0.51455617,2.4203243,0.8488739,1
10922,0.9841111,0.8862901,1.7503821,0.5604663,2
10923,0.33336678,0.09044493,4.4623275,1.0886328,3
10924,0.9062404,0.87678474,3.6401672,0.88438386,4
10925,0.0032869284,0.5996488,3.0995026,0.94122857,5
10926,0.007773321,0.85305625,1.6567552,0.62928224,6
10927,0.0054094954,0.42847762,2.3335905,0.66862774,7
10928,0.00014790248,0.5172029,4.3767624,0.99971586,8
10929,0.013243145,0.7776555,1.55142,0.9256207,9
10930,0.008806342,0.4971447,2.8067887,0.7554663,10
10931,0.3311847,0.0121861,2.8847318,0.7124151,11
10932,0.28318593,0.3460681,1.5324558,1.1603636,12
10933,0.9597776,0.3217491,2.6870708,0.59168565,13
10934,0.01767873,0.74566305,4.813833,0.5774891,14
10935,0.00659743,0.9071099,5.0256567,1.0004324,15
10936,0.7556287,0.46964967,3.7647085,0.7584964,16
10937,0.27291504,0.42128447,1.7725481,0.62655497,17
10938,0.0001256339,0.48372823,4.6873527,0.89783025,18
10939,0.0012120878,0.8135566,2.9891734,1.0247023,19
10940,0.29283226,0.5744953,4.1490035,0.43166572,20
10941,0.19364594,0.40925696,3.9146376,0.7920411,21
10942,0.06423155,0.4186623,1.820838,0.9611106,22
10943,0.0030625376,0.31409478,3.7659388,0.7819199,23
10944,0.06604247,0.6088354,2.1241918,0.6463861,0
10945,0.01052128,0.6142964,3.1829634,0.5310837,1
10946,0.36516818,0.6310233,1.3936589,0.94716954,2
10947,0.5227836,0.05542535,4.4663496,0.8699982,3
10948,7.456427e-05,0.86019737,5.041007,0.8862597,4
10949,0.19078295,0.9128075,2.6191425,0.5151085,5
10950,0.041182347,0.21860982,1.2423782,0.65843034,6
10951,0.29843283,0.32754162,1.8536751,0.7510301,7
10952,6.500312e-05,0.59541583,4.272265,1.1921705,8
10953,0.99223083,0.48899025,1.507096,0.92910594,9
10954,0.002443781,0.7097985,3.2270122,1.176398,10
10955,0.007517587,0.053372256,3.818297,0.4653455,11
10956,0.5984062,0.8765973,1.3306434,0.7965041,12
10957,0.87753665,0.44366342,3.2236097,0.84534556,13
10958,0.7874507,0.89015925,3.1231203,0.60667557,14
10959,0.01454084,0.75327027,4.252164,0.5754941,15
10960,0.00059643935,0.36868972,4.0393186,0.61890084,16
10961,0.118199326,0.71092016,2.6762457,0.6355084,17
10962,0.0006171507,0.5607302,4.703495,0.8413155,18
10963,0.9177169,0.787687,3.165205,0.47400868,19
10964,0.012070554,0.83916014,4.7885594,0.61596316,20
10965,0.7467939,0.40026072,3.9169743,0.7030088,21
10966,0.9981779,0.61184734,2.3567085,0.55831987,22
10967,0.07760087,0.418638,2.638457,1.0035069,23
10968,0.21281135,0.41759032,1.8306898,0.658786,0
10969,0.2600978,0.5106114,2.411568,0.6001417,1
10970,0.1798306,0.72948647,1.0849025,0.5505817,2
10971,0.30409387,0.075471886,5.6086473,0.91302216,3
10972,6.355521e-05,0.9342925,5.166039,0.91566694,4
10973,0.86235523,0.6690049,2.9474669,0.4314319,5
10974,0.01402024,0.9564736,1.5023735,1.1816869,6
10975,0.43410385,0.75794363,2.9840314,0.59633666,7
10976,0.37459064,0.5314804,3.9233513,0.6028627,8
10977,0.4479241,0.78485465,1.6676455,0.7425375,9
10978,0.188426,0.77010506,3.281806,0.7299518,10
10979,0.42735204,0.038936716,4.0735583,1.0843545,11
10980,0.41212496,0.64767164,0.76335067,0.83343065,12
10981,0.99627197,0.38398722,3.6331096,0.4586698,13
10982,0.16756865,0.8148451,3.8271546,0.9545778,14
10983,0.79145265,0.86473167,3.5460865,0.71637815,15
10984,0.0808889,0.33967212,3.7338414,0.8856386,16
10985,2.1368292e-05,0.41360927,2.710814,1.1451485,17
10986,0.44809043,0.64209926,4.7917476,0.7310289,18
10987,1.4138639e-05,0.8316748,2.4591115,0.6591686,19
10988,0.004754155,0.61620986,5.1456366,1.2522267,20
10989,0.17582147,0.33913147,3.862708,0.464352,21
10990,0.99603444,0.77046436,2.685466,0.49050376,22
10991,0.37508148,0.21946667,2.9440746,0.8804389,23
10992,0.9938764,0.55883896,2.0144124,0.49393433,0
10993,0.05517052,0.56821156,2.0131435,0.87753177,1
10994,0.7666487,0.8230962,0.87891513,0.8093632,2
10995,0.40029898,0.055889405,4.545472,0.78549814,3
10996,3.4963102e-06,0.8789629,4.888505,1.1515511,4
10997,0.82591844,0.78478956,3.3327594,0.63675195,5
10998,4.1859057e-05,0.7521148,1.1104722,1.1083609,6
10999,0.8173022,0.3133973,2.8381052,0.608803,7
11000,0.6226161,0.46386743,3.7383375,0.6161077,8
11001,0.24096598,0.7184172,3.7957928,0.8212796,9
11002,0.16359486,0.48514605,4.453201,0.7891854,10
11003,0.009299477,0.02705669,3.2200935,0.44989732,11
11004,0.3895637,0.2869274,1.3739026,0.982598,12
11005,0.9519398,0.36112,2.1248271,0.8325601,13
11006,0.58991975,0.4857936,3.5598562,0.74228436,14
11007,0.001384815,0.77073264,3.7180295,0.59980595,15
11008,0.70305806,0.46857283,4.275302,0.40910202,16
11009,0.0009726116,0.71307194,2.7291555,0.8796855,17
11010,0.00057248166,0.5122332,4.77047,0.9101584,18
11011,0.19156955,0.81809485,2.5740063,0.7960702,19
11012,0.00610831,0.649797,4.097903,0.86217666,20
11013,0.11717648,0.3535278,2.4800644,0.44724855,21
11014,0.6785319,0.7017919,1.7007744,0.70753944,22
11015,0.8682043,0.2747112,2.6404655,0.7490795,23
11016,0.79852986,0.21831995,0.8171047,0.6243376,0
11017,0.37978873,0.5633234,2.101405,0.6472919,1
11018,0.02025346,0.82942224,1.5270686,0.48576158,2
11019,0.8590138,0.037374653,5.8376145,0.61837906,3
11020,0.0017837121,0.87838125,3.008582,1.5751225,4
11021,0.075878695,0.5721272,2.9949331,0.8436959,5
11022,0.25020415,0.5166103,0.7071574,0.5435946,6
11023,0.0009297073,0.5286775,2.0638206,0.8667054,7
11024,0.043640632,0.33986634,4.235213,0.73583186,8
11025,0.80127746,0.5172268,1.2681952,0.7956148,9
11026,0.22173575,0.67767334,4.1648083,0.7189909,10
11027,0.11235421,0.024612544,3.144576,0.70891774,11
11028,0.2873485,0.17389709,1.0075806,0.6348935,12
11029,0.02576965,0.39843926,2.1752758,0.7217047,13
11030,0.00026556937,0.866899,4.3096685,0.59543484,14
11031,0.3608977,0.8900738,4.5763674,0.66756856,15
11032,0.37996605,0.3487129,4.093452,0.6962813,16
11033,0.98254585,0.5863573,1.4868926,0.5486146,17
11034,0.60030854,0.5303861,5.5833187,0.78313696,18
11035,0.0065116687,0.78723764,3.2572105,0.6831007,19
11036,0.20234798,0.7541863,4.103447,0.60237247,20
11037,0.6963256,0.39633277,4.6351237,0.83267546,21
11038,0.85636806,0.8510782,2.3207343,0.68275446,22
11039,0.9638298,0.2816549,1.9708903,0.74191236,23
11040,0.003647314,0.42650756,2.1725955,0.7898998,0
11041,0.024776053,0.5208776,2.024393,0.81600493,1
11042,0.16147628,0.80469114,1.5882589,1.0026965,2
11043,0.54115415,0.04555187,6.5382175,0.6104123,3
11044,2.3060238e-05,0.8434282,3.418705,1.0453368,4
11045,0.6407811,0.69486594,2.7981334,0.5000308,5
11046,0.8791985,0.53181607,1.1366932,0.67830753,6
11047,0.0059906254,0.6118936,2.4591217,0.7989181,7
11048,0.03452332,0.47638434,4.0929184,0.52176946,8
11049,0.81255835,0.45753023,1.934576,0.71300244,9
11050,0.37767836,0.59173185,3.6007059,0.65961504,10
11051,0.19630998,0.030612033,4.3376675,0.5933322,11
11052,0.30639604,0.73217726,1.5321157,0.98091054,12
11053,0.010260111,0.35369706,2.9406908,0.821026,13
11054,0.0041617956,0.4978637,3.988367,1.1256944,14
11055,3.25554e-05,0.80293477,3.0126424,0.75890726,15
11056,0.062043656,0.5169721,4.9169583,0.9499327,16
11057,0.7125207,0.51701033,2.1630251,0.5446779,17
11058,0.9740626,0.49723706,4.1193047,0.691787,18
11059,0.08634774,0.49524522,2.4080353,0.8198607,19
11060,0.3309659,0.5145637,3.9024043,0.6819591,20
11061,0.35003743,0.27870536,2.7227154,0.51363057,21
11062,0.79744446,0.702737,1.8691188,0.531094,22
11063,7.1786504e-05,0.349855,2.512586,0.8230765,23
11064,0.037782125,0.71885264,1.9146246,0.635478,0
11065,0.019141683,0.53680104,2.691842,0.6031529,1
11066,0.20989159,0.43775138,0.86820984,0.6307798,2
11067,0.43058097,0.0707665,5.0783606,0.78188145,3
11068,0.9057654,0.82554823,3.5833526,0.66549397,4
11069,0.07909592,0.78508663,3.7808833,0.9330409,5
11070,0.004322424,0.874682,1.4402556,0.85100883,6
11071,0.10823192,0.53915876,1.8824997,0.55700445,7
11072,0.23952678,0.3998846,4.618994,0.5564432,8
11073,0.04972221,0.8381685,2.053477,0.8345317,9
11074,0.39409912,0.4285636,3.0948699,0.92452615,10
11075,0.110874705,0.01738142,2.7523026,0.6811193,11
11076,0.5164291,0.70294803,1.3541746,0.8259899,12
11077,0.05101934,0.42266744,2.7332008,0.71060306,13
11078,1.933147e-05,0.8583723,4.5357437,0.99871665,14
11079,0.01557597,0.7267633,4.1066227,0.8891427,15
11080,0.03585347,0.48708442,4.428295,0.588281,16
11081,0.09505812,0.5066465,2.2246995,0.676516,17
11082,1.1104089e-06,0.61157155,6.0325317,1.0873082,18
11083,0.0110726515,0.7837872,2.4666085,0.98789036,19
11084,0.7185761,0.70933807,4.156381,0.55186,20
11085,0.13401042,0.33606434,3.529186,0.8742502,21
11086,0.07666972,0.6793355,1.3847767,0.6649378,22
11087,0.12476426,0.3823881,2.1029308,0.78176266,23
11088,0.23786949,0.4283796,3.4829526,0.7866167,0
11089,0.521553,0.4370793,1.3102375,0.7030282,1
11090,0.05570546,0.54441434,0.9637254,0.677528,2
11091,0.5329475,0.08820266,5.8348417,0.95872134,3
11092,0.9995041,0.9601949,3.6118448,0.62477565,4
11093,0.10273677,0.6784079,2.4138079,0.9478961,5
11094,0.86923426,0.500687,1.3099127,0.77083296,6
11095,0.014408546,0.5795226,2.5906732,0.99263275,7
11096,0.9641622,0.4959614,5.4703493,0.6537577,8
11097,0.035446007,0.51017386,1.5684413,1.085544,9
11098,0.39893344,0.5492345,2.995999,0.83074003,10
11099,0.0021155232,0.036551975,4.008303,0.6501616,11
11100,0.43493307,0.58353454,0.9712225,1.0768209,12
11101,0.03884958,0.2831154,2.6701474,0.7783699,13
11102,0.00086217886,0.7204746,3.9795651,0.87115765,14
11103,0.41580817,0.8435414,3.4460733,1.0387061,15
11104,0.7748215,0.48090705,3.7971818,0.71110225,16
11105,0.14006321,0.58404887,2.2171707,0.64592695,17
11106,0.1781561,0.54922736,5.234598,0.84100163,18
11107,8.039694e-06,0.5586378,1.8537968,0.7974979,19
11108,0.34340224,0.78133357,5.8293486,0.55716246,20
11109,0.06755588,0.40651706,3.5618958,0.77873874,21
11110,0.004777961,0.5603267,1.2143292,1.0528175,22
11111,0.14189447,0.2781237,2.2171338,0.49682203,23
11112,0.5102098,0.7374626,1.9018524,0.73680127,0
11113,0.12752657,0.39486995,2.346446,0.588642,1
11114,0.0019949195,0.2927793,0.95983565,0.87336177,2
11115,0.13913827,0.06854821,5.2929287,0.8722368,3
11116,0.001251427,0.8843294,3.6006653,0.9684793,4
11117,0.0099630095,0.84245384,2.190913,0.6681888,5
11118,0.2676713,0.7685387,0.9162121,0.61195564,6
11119,0.021950107,0.6004283,1.8771833,0.67308575,7
11120,0.46991685,0.6691011,3.5942233,0.7227639,8
11121,0.08657449,0.57280296,1.2582347,0.8177296,9
11122,0.30283448,0.3819357,3.2167616,0.9334537,10
11123,0.64990705,0.028078381,3.7579796,0.6236824,11
11124,0.2799634,0.5660758,0.7415712,0.93249106,12
11125,0.7059939,0.47463432,3.1666243,0.9757549,13
11126,0.00294187,0.53894746,3.5257387,0.63763624,14
11127,2.1903195e-05,0.8016414,4.3247695,1.1396606,15
11128,0.7967037,0.4212243,5.0280185,0.7187612,16
11129,0.8035544,0.5001733,2.0317607,0.78092945,17
11130,0.0062498595,0.5139302,5.300715,0.9048191,18
11131,0.007330106,0.6111352,2.4892406,0.9162017,19
11132,0.23398781,0.58984375,3.4361758,0.6741334,20
11133,0.0069971164,0.32900867,3.912203,0.9479375,21
11134,0.90795726,0.59479886,1.2169305,0.7312771,22
11135,0.03305828,0.23021719,2.7597551,0.5097044,23
11136,0.6329036,0.7904087,3.183126,0.7803296,0
11137,0.0045489674,0.45572013,2.3788528,0.6015419,1
11138,0.90969837,0.75771767,2.000528,0.7243097,2
11139,0.828568,0.043849092,5.046442,0.91483355,3
11140,0.65188634,0.8523584,3.8360195,0.5786348,4
11141,0.4031793,0.53148687,3.0033505,0.7718682,5
11142,0.015328326,0.13101706,0.7817061,0.92859536,6
11143,0.1251584,0.3733434,1.810249,0.6218797,7
11144,0.33811504,0.4011642,3.8345172,0.6545967,8
11145,0.9947014,0.5491418,2.2685208,0.52173257,9
11146,0.010793656,0.7554087,4.342468,1.0025175,10
11147,0.41197488,0.015429057,3.224391,0.68578357,11
11148,0.53105026,0.7033058,1.8881487,1.2169029,12
11149,0.9835896,0.32002956,2.4241595,0.53471935,13
11150,0.15765749,0.6392155,3.6920142,0.8312906,14
11151,0.19962366,0.7399097,2.6535008,0.98933214,15
11152,0.05771346,0.30605543,3.9422002,1.1189637,16
11153,0.75312996,0.6847334,2.6752188,0.49793318,17
11154,5.3702875e-05,0.6270676,4.5396595,1.228432,18
11155,0.0891164,0.79374045,2.8788333,1.1219354,19
11156,0.0027116179,0.7896064,4.486903,0.889183,20
11157,0.38335562,0.28598526,3.3342812,1.0347329,21
11158,0.9901669,0.84647083,1.4675556,0.5550153,22
11159,0.0008715869,0.23030446,3.7868686,0.71011394,23
11160,0.9504388,0.467638,1.9168483,0.6161408,0
11161,0.774106,0.6227904,2.4627128,0.9587352,1
11162,0.87303686,0.48923567,1.5025913,0.9364825,2
11163,0.27459335,0.053426296,6.02549,0.64179325,3
11164,0.9081131,0.9011979,5.1627307,0.70576364,4
11165,0.037065037,0.7638251,3.3214757,0.55050105,5
11166,0.11332495,0.77495927,1.2795215,0.5049448,6
11167,0.26477045,0.4876017,3.1273456,0.6666409,7
11168,0.0039080055,0.5178579,5.13305,0.9171316,8
11169,0.55070144,0.6686474,2.0809066,0.6640691,9
11170,0.029419875,0.50521713,3.4968543,0.6521243,10
11171,0.027363835,0.029340968,4.04038,0.5959972,11
11172,0.5644336,0.45479736,1.2104462,0.839193,12
11173,0.011451256,0.39857298,2.6369169,0.8187809,13
11174,0.9103497,0.9146431,4.1603045,0.8970629,14
11175,0.0020884452,0.80826336,4.678314,0.80797493,15
11176,0.123874255,0.47322544,4.0542145,0.6113038,16
11177,0.65540147,0.416077,3.2445893,0.70049316,17
11178,0.88688517,0.5852002,3.9194248,0.7463861,18
11179,0.0007430479,0.4247848,2.9456377,0.82661843,19
11180,0.829629,0.7670072,4.1653066,0.47471994,20
11181,0.83775574,0.35515326,3.092307,0.79023886,21
11182,0.8556473,0.7747446,1.7404783,0.49830732,22
11183,0.99788517,0.38005078,3.1390097,0.7915237,23
11184,0.017650018,0.5980658,2.9718635,0.7422269,0
11185,0.019645689,0.3247521,2.6238325,0.64836466,1
11186,0.74654657,0.17733048,2.059221,0.8330387,2
11187,0.2451213,0.072058894,3.6721299,0.88070846,3
11188,0.74358875,0.8883418,4.8724384,0.5719823,4
11189,0.7785756,0.8045889,3.485514,0.7243962,5
11190,0.00068480935,0.87021154,0.60336185,0.7903838,6
11191,0.022819014,0.4228791,2.5824687,0.6239006,7
11192,0.04123849,0.3781385,3.8362107,0.8202556,8
11193,0.23956965,0.3076197,1.9604069,0.8361677,9
11194,0.08501488,0.8075615,4.1345806,0.654225,10
11195,0.12703599,0.031707995,3.310196,0.72844505,11
11196,0.25628763,0.5897845,1.3619636,1.0300322,12
11197,0.014615863,0.25349736,2.0839233,0.765548,13
11198,0.18170707,0.7047446,3.1033971,1.033195,14
11199,0.14425999,0.9248686,3.7584648,0.65606827,15
11200,0.34166336,0.38258806,5.1398826,0.9377928,16
11201,0.0011496209,0.7366499,3.0870893,0.7023751,17
11202,0.04632486,0.6373873,4.933991,0.80028236,18
11203,0.065749675,0.8096327,2.9679224,0.80644727,19
11204,0.58907366,0.6473563,4.0575023,0.3950769,20
11205,0.58712286,0.32184008,4.417405,0.85625184,21
11206,0.013703218,0.831027,1.903078,0.8137893,22
11207,0.00028514987,0.31771734,2.1063437,0.7606449,23
11208,0.0029327003,0.65011466,2.2004964,1.0222597,0
11209,0.19305724,0.23888603,1.19311,0.7154249,1
11210,0.3804626,0.39569026,1.4362401,0.75397164,2
11211,0.2915992,0.05181486,4.435703,0.7328162,3
11212,0.9810708,0.8825261,2.3102868,0.38502064,4
11213,0.061044868,0.73413104,3.3165684,0.74841774,5
11214,0.039454192,0.83842057,1.3482164,0.75245106,6
11215,0.011129242,0.6276713,1.5453857,0.7078432,7
11216,0.11886727,0.5671131,5.346834,0.660381,8
11217,0.0068676537,0.043712765,0.8417336,0.746367,9
11218,0.76755387,0.61774474,3.0943942,1.0389589,10
11219,0.9311019,0.027850749,4.936341,0.6968809,11
11220,0.3307751,0.5989708,1.5277396,0.77097034,12
11221,0.012423598,0.3526371,2.7655168,0.49160603,13
11222,0.8036462,0.7771913,4.858304,0.76542914,14
11223,0.992488,0.90956855,2.8427014,0.5675865,15
11224,0.0022346368,0.42792323,4.2765007,1.04143,16
11225,0.07603735,0.24376911,1.5596013,0.5201981,17
11226,0.971931,0.38613233,3.561658,0.4342857,18
11227,0.45297942,0.79363686,2.5567474,0.68816113,19
11228,0.007283855,0.7323157,4.943026,0.5418473,20
11229,0.05623966,0.34652564,4.322566,0.6923772,21
11230,0.9900209,0.58777714,1.9830437,0.53785497,22
11231,0.42697257,0.08472786,2.2889044,0.55839264,23
11232,0.0128453905,0.65986085,1.9900464,0.75343794,0
11233,0.47798854,0.09279101,1.5192435,0.7686362,1
11234,0.46017504,0.90586,1.3698698,0.7202137,2
11235,0.72743905,0.04441672,4.047402,1.1934514,3
11236,0.73184246,0.8446767,3.7895882,0.8467816,4
11237,0.44206232,0.651348,2.4945595,0.68960077,5
11238,0.21519722,0.68917847,0.9082908,0.7738498,6
11239,0.9713688,0.5806507,2.9868462,0.5241925,7
11240,0.975226,0.5026028,3.7030804,0.703077,8
11241,0.000109935994,0.16621709,1.9454606,0.79437846,9
11242,0.7986463,0.65183854,4.022905,0.7128561,10
11243,0.10727482,0.01968975,4.089552,0.6417266,11
11244,0.38174394,0.20660938,1.1736078,0.95567536,12
11245,0.69400895,0.3642685,3.094621,0.56109333,13
11246,0.74646175,0.9010552,3.5028276,1.0455992,14
11247,0.33419025,0.7138073,2.886988,0.5742594,15
11248,0.05512433,0.37578312,3.651295,0.9658103,16
11249,0.55542076,0.38902044,2.1188846,0.6570906,17
11250,0.00023089453,0.55720323,5.648471,0.6460646,18
11251,0.89242494,0.8887,2.8167849,0.86029416,19
11252,0.05606117,0.5654224,4.1291704,0.5858841,20
11253,0.998038,0.44199046,4.1291356,0.8621753,21
11254,0.0037859448,0.4715351,1.397128,0.9941322,22
11255,0.61736965,0.32618392,3.0144033,0.7997125,23
11256,0.00068214233,0.409358,2.1956465,0.662416,0
11257,0.0036098096,0.2857661,1.5368086,0.52296776,1
11258,0.28694305,0.75818366,1.5203562,0.627727,2
11259,0.6428297,0.074940234,4.8062997,0.7508671,3
11260,0.12204458,0.93758076,4.5568323,0.94929826,4
11261,0.071315005,0.78814197,2.5531533,0.9529753,5
11262,0.0053247954,0.62464076,1.0007824,0.6745606,6
11263,0.010313201,0.55311745,2.8830848,0.79509014,7
11264,0.00015094777,0.38313377,4.737128,0.7387727,8
11265,0.053243805,0.5234323,1.513205,0.8410415,9
11266,0.016289651,0.5080122,3.7505877,0.84242076,10
11267,0.07443023,0.024476694,3.8508286,0.7005688,11
11268,0.31219256,0.3940585,1.6418003,0.9682092,12
11269,0.04839279,0.35453725,2.5248816,0.8829789,13
11270,0.06611958,0.7042622,4.47198,0.637303,14
11271,0.6766464,0.7890614,3.6647928,0.6959585,15
11272,0.016360275,0.3627978,3.7514143,0.7253529,16
11273,0.87404513,0.6421645,2.7530222,0.49532768,17
11274,0.08637622,0.43900222,5.2419434,0.5514068,18
11275,0.77602816,0.69012743,1.9804077,0.93464065,19
11276,0.063663,0.77678317,4.481616,0.632002,20
11277,0.002141868,0.31032225,2.9828277,0.90010977,21
11278,0.9891111,0.7624218,1.5677012,0.6168351,22
11279,0.9922901,0.28032285,2.5425017,0.7036192,23
11280,0.9893463,0.741984,1.4519849,0.60968095,0
11281,0.020182796,0.40053093,1.5698177,0.8487247,1
11282,0.08162178,0.9349242,1.7120296,0.5301343,2
11283,0.5456781,0.09299498,5.4766507,0.77630395,3
11284,0.00020084593,0.79732275,3.8276582,1.1329361,4
11285,0.5529511,0.9028775,3.0481606,0.8270121,5
11286,0.9655424,0.69690216,0.8883235,0.7431538,6
11287,0.49717563,0.33659583,1.7552402,0.8516264,7
11288,0.06247688,0.6430009,3.3393786,1.1611567,8
11289,0.00048955606,0.69700176,3.176228,0.6942716,9
11290,0.0013749393,0.5305894,2.2147443,0.7657759,10
11291,0.1188646,0.013102693,3.8767517,0.5375388,11
11292,0.30841565,0.60777795,1.0645641,1.0998232,12
11293,0.015998589,0.26830092,1.969631,0.7599833,13
11294,0.000936042,0.8749968,4.032984,0.9748647,14
11295,0.32355943,0.8256596,3.60872,0.6741339,15
11296,0.01487616,0.28289506,3.0395758,0.70677334,16
11297,0.6214537,0.73137355,2.439048,0.55818784,17
11298,0.3942454,0.428112,3.948884,1.1933779,18
11299,0.10691158,0.6693928,2.3988435,0.7722591,19
11300,0.04903489,0.7359571,5.3561516,0.6378185,20
11301,0.015547632,0.47778392,4.167647,0.9709508,21
11302,0.008427397,0.6765755,1.3981326,0.9322994,22
11303,0.83799815,0.24762276,2.8526247,0.6540226,23
11304,0.96731794,0.7226607,2.2609227,0.625038,0
11305,0.6159753,0.5909485,1.7317187,0.7046186,1
11306,0.24750547,0.7930987,1.4990999,0.51766175,2
11307,0.5734538,0.071817376,4.878465,0.56002694,3
11308,2.853852e-06,0.87314856,3.2852302,1.3474737,4
11309,0.045466967,0.8276535,3.6468804,0.8329478,5
11310,0.014043608,0.7816229,0.7133538,0.6927318,6
11311,0.61987054,0.35767204,1.959368,0.53039056,7
11312,0.00087590783,0.49448678,3.9860406,0.99031234,8
11313,0.9960129,0.60447586,1.402122,1.0454026,9
11314,0.010474462,0.46044177,3.3149693,0.7819886,10
11315,0.029434655,0.023879932,3.6428752,0.49042463,11
11316,0.44037956,0.3122767,1.8784927,0.8252966,12
11317,0.00014338068,0.37700674,2.5204716,1.1233125,13
11318,0.0030539716,0.71374077,2.8603306,0.9884698,14
11319,0.28969517,0.8488755,3.3524513,0.79053634,15
11320,0.08093962,0.4345962,3.860079,0.8670097,16
11321,0.16502047,0.47738868,2.4647324,0.6303506,17
11322,0.29113898,0.5867013,4.7796583,0.6607062,18
11323,0.9350856,0.9372828,3.030219,0.6614772,19
11324,0.15132524,0.64362067,4.700718,0.892176,20
11325,0.003806443,0.32263952,3.6979833,0.6440521,21
11326,0.021355888,0.7108184,2.4028735,0.9583941,22
11327,0.2567121,0.22056437,3.0238175,0.41394085,23
11328,0.33240405,0.83581287,2.5073724,0.7976105,0
11329,0.6356034,0.36445245,2.649999,0.56099963,1
11330,0.4623092,0.39250138,1.3167367,0.6118917,2
11331,0.65002215,0.089060545,6.451984,0.75577843,3
11332,0.8601842,0.8984114,5.0093336,0.5567895,4
11333,0.0389825,0.914227,4.374842,0.7236332,5
11334,0.98665667,0.7742694,1.7309375,0.78791076,6
11335,0.414804,0.27258793,1.4806174,0.6096453,7
11336,0.773109,0.4361868,4.871723,0.5078297,8
11337,0.36478326,0.6692049,1.9408593,0.9353301,9
11338,0.46244878,0.5284131,3.1714618,0.7535627,10
11339,0.004979448,0.030504065,3.1453407,0.5875978,11
11340,0.2722689,0.4845542,1.1855953,0.6996826,12
11341,0.0005126731,0.35197893,2.561363,0.5895852,13
11342,0.5391711,0.7993243,3.489897,0.77804476,14
11343,0.93694603,0.7147659,3.5481029,0.8636305,15
11344,0.5997631,0.32064655,3.7371516,0.72773546,16
11345,0.0291217,0.6288922,3.5919952,0.73301697,17
11346,0.0004073298,0.61570853,5.392397,0.8064428,18
11347,0.6671456,0.8132007,2.416409,0.645172,19
11348,0.17524463,0.7166604,5.67431,0.49388006,20
11349,0.9900628,0.3535338,3.065702,0.4118678,21
11350,0.054895468,0.7620397,1.7647957,0.7596311,22
11351,0.023512013,0.26231682,2.094319,0.6291738,23
11352,0.6539338,0.7744634,1.9085147,1.1850392,0
11353,0.71991396,0.29805195,1.7223924,0.7958516,1
11354,0.5910169,0.82300115,1.5431495,0.8474349,2
11355,0.23875725,0.0665463,5.3341203,0.531582,3
11356,0.9849191,0.8853164,3.4722881,0.65790325,4
11357,0.00053840777,0.8590556,3.1705298,0.90078765,5
11358,0.9989623,0.9094597,1.3878081,0.5620613,6
11359,0.077073626,0.78519785,2.661539,1.0125437,7
11360,0.25814644,0.55673015,4.9655495,0.6352227,8
11361,0.022866463,0.42738855,2.3282444,1.2664042,9
11362,0.16572705,0.5207833,2.82043,0.86566174,10
11363,0.0935148,0.012143881,3.0164077,0.6256583,11
11364,0.70910174,0.6231684,1.7214875,0.6351298,12
11365,0.38697967,0.27288485,2.592988,0.8080619,13
11366,0.005492464,0.886592,4.096182,0.7272978,14
11367,0.59415907,0.65458083,3.0567136,0.6353176,15
11368,0.004812764,0.4404439,4.7402616,0.77370137,16
11369,0.038725305,0.758853,2.5411987,1.0506837,17
11370,0.8990937,0.6358803,4.6779485,0.70104885,18
11371,0.09498198,0.806624,3.2403505,0.5404686,19
11372,0.17481355,0.7178689,3.7939951,0.5495372,20
11373,0.44829944,0.35383084,4.000487,0.7845744,21
11374,0.24799727,0.7065581,1.8958126,0.6070065,22
11375,0.5291984,0.31051636,2.5464544,0.6017571,23
11376,0.19062655,0.6585119,2.3772862,0.95304555,0
11377,0.09617446,0.33673614,1.5744327,0.8193272,1
11378,0.1740484,0.863869,1.6741331,1.1131349,2
11379,0.31906506,0.05447565,4.241521,0.5489188,3
11380,0.00026781557,0.8368061,4.550094,1.0553864,4
11381,0.20872642,0.8395551,3.070284,0.76065695,5
11382,0.45358127,0.35368153,1.1791753,0.680862,6
11383,0.3870254,0.2985453,2.389247,0.7355553,7
11384,0.0026551776,0.39775196,4.4783373,0.60946435,8
11385,0.10470968,0.24994336,2.2107015,0.722159,9
11386,0.6999757,0.64754814,3.6318848,0.832251,10
11387,0.30908698,0.024380669,3.41709,0.7787614,11
11388,0.26778084,0.77324957,1.002249,0.9757295,12
11389,0.05367248,0.30337417,2.9108438,0.71727777,13
11390,0.045634985,0.6104607,3.6702774,0.6692341,14
11391,0.1149198,0.8372225,4.386299,0.85940146,15
11392,0.9856183,0.47715282,4.3459353,0.5259893,16
11393,0.0002378293,0.5031672,2.798501,0.5470681,17
11394,0.1921264,0.5551305,4.2547297,0.5243664,18
11395,0.986484,0.561153,3.586203,0.4485821,19
11396,0.9893265,0.65525764,5.5953875,0.5020296,20
11397,0.9251598,0.44306678,4.249167,0.73490715,21
11398,0.55426764,0.44025314,0.8925042,0.4705681,22
11399,0.57553786,0.21092223,1.9100735,0.7563586,23
11400,0.046688017,0.58829385,1.9060968,0.6900643,0
11401,0.017559385,0.5655079,1.428132,0.8636664,1
11402,0.3177853,0.72330827,1.211333,0.66188014,2
11403,0.30940464,0.057044305,5.506694,0.8630968,3
11404,0.5780903,0.83900064,3.302456,0.44815776,4
11405,0.035933714,0.8209373,2.931653,0.65203524,5
11406,0.420818,0.6519985,0.7088038,0.5720592,6
11407,0.026163539,0.47667307,3.229836,0.848667,7
11408,0.010536899,0.48995984,4.934428,0.99019563,8
11409,0.8683977,0.18184078,1.6297842,0.702107,9
11410,0.3960434,0.67148614,2.9468238,0.727723,10
11411,0.39845762,0.0286246,3.936347,0.7500318,11
11412,0.27459466,0.4297285,1.842133,0.7507051,12
11413,0.96662116,0.4155682,2.470511,0.5002705,13
11414,0.9200406,0.708358,3.1843233,1.0072685,14
11415,1.8014083e-07,0.8860339,3.6425903,1.1047364,15
11416,0.5339475,0.3609702,3.9670215,1.0134938,16
11417,0.76300067,0.58556294,2.5718787,0.69629824,17
11418,0.14479277,0.4462375,5.5325594,0.6326559,18
11419,0.07591477,0.8871223,2.5473485,0.46375144,19
11420,0.0040990533,0.64510286,4.766136,0.77415085,20
11421,0.6181433,0.27672386,3.3896313,0.6955688,21
11422,0.00043270117,0.6952437,2.8713992,0.76903677,22
11423,0.3471001,0.32008618,2.8399997,0.7852489,23
11424,0.9813332,0.8903475,1.7322693,0.5475176,0
11425,0.6179746,0.74360913,1.939976,0.9774723,1
11426,0.44828686,0.42969796,1.4322479,0.63717246,2
11427,0.80249673,0.042299367,5.811406,0.7767716,3
11428,0.001836775,0.920644,5.3538857,0.9228897,4
11429,0.81524575,0.58090526,3.1689253,0.49740487,5
11430,0.42052925,0.26312974,0.94224066,0.9746766,6
11431,0.97654027,0.14872843,1.3717296,0.50517356,7
11432,0.0075091026,0.44517854,4.8345246,1.0792451,8
11433,0.9242533,0.337787,2.0931551,0.83806247,9
11434,0.017201867,0.33297703,2.4072568,0.8808004,10
11435,0.40215927,0.02096793,2.5359888,0.87101156,11
11436,0.47858036,0.61528355,1.8775852,0.88487774,12
11437,0.0002527259,0.32947764,2.0776303,0.81463253,13
11438,0.0045732628,0.6660614,3.6466703,0.7637682,14
11439,0.9683372,0.9063837,3.126196,1.0106544,15
11440,0.1231904,0.2886817,2.7996662,0.7575135,16
11441,0.95458233,0.7390676,3.1264222,0.69210935,17
11442,0.045249213,0.4932015,4.2674484,0.98805124,18
11443,0.98409605,0.7045183,2.2850642,0.6240733,19
11444,0.29813492,0.6899766,2.7770166,0.8605531,20
11445,0.6550878,0.3689817,4.6186914,0.825158,21
11446,0.42713064,0.6540784,1.468897,0.7367598,22
11447,0.006545097,0.4817619,2.7220874,0.94937867,23
11448,0.008673484,0.73355603,1.1630808,0.7256662,0
11449,0.008189672,0.49827138,1.9743493,0.55906165,1
11450,0.2528684,0.087812886,1.3597655,1.031492,2
11451,0.7989529,0.05566132,4.504607,1.2008336,3
11452,0.0006558626,0.7925263,3.5662363,0.8675517,4
11453,0.7448924,0.62402815,3.1588054,0.705246,5
11454,0.00019929426,0.80800384,0.717636,0.62241936,6
11455,0.08584135,0.62800753,2.5933652,0.6408608,7
11456,0.052495696,0.45968542,3.9038415,0.7193036,8
11457,0.80014604,0.36152196,1.6938304,0.591228,9
11458,0.014115126,0.675327,2.8184726,1.0825785,10
11459,0.0073356978,0.033849355,3.3397853,0.6714809,11
11460,0.45848393,0.21650873,1.2212813,0.8066357,12
11461,0.313852,0.31039453,2.1266918,0.7493372,13
11462,0.96081173,0.7949295,2.8683062,0.74686766,14
11463,1.8594186e-05,0.5941427,3.4003296,0.86661273,15
11464,0.9010442,0.47153196,4.869835,0.6452147,16
11465,0.0010562657,0.4562581,2.5402884,0.9736871,17
11466,0.0024016292,0.5234237,4.031176,0.8375129,18
11467,0.90869206,0.77144724,2.2310236,0.3943239,19
11468,0.0988518,0.7117346,5.4256716,0.45228767,20
11469,0.07185295,0.48753732,3.89284,0.6942159,21
11470,0.9967506,0.6062335,1.9901682,0.49752977,22
11471,0.003286433,0.27879524,1.8637741,0.5977652,23
11472,0.30683014,0.54995763,2.0964458,0.69270194,0
11473,0.5357774,0.33111212,1.6305529,0.5057383,1
11474,0.9312589,0.9795701,1.9259043,0.72503245,2
11475,0.07824129,0.071155846,4.9656134,0.48485485,3
11476,0.018488046,0.92776394,3.799827,0.7553506,4
11477,0.7786646,0.68204343,2.9944339,0.5018144,5
11478,5.059495e-05,0.529878,1.3882447,0.6000821,6
11479,0.2289819,0.47938082,2.4028938,0.93333566,7
11480,0.0010290007,0.44394073,4.8230658,0.78214145,8
11481,0.00063734094,0.54024565,1.5659683,0.9178796,9
11482,0.2661519,0.5201469,2.5943313,0.6744853,10
11483,0.047058415,0.036104117,3.325964,0.86920154,11
11484,0.42652288,0.34903473,1.6465526,0.963359,12
11485,0.093625546,0.2831339,3.474541,0.6482723,13
11486,0.37065843,0.92885745,3.5506976,0.9772111,14
11487,0.839738,0.8384314,3.509364,0.5205352,15
11488,0.7697301,0.40339974,3.2405777,0.6237054,16
11489,0.0015412333,0.74513626,2.368245,1.1512688,17
11490,0.9998646,0.5809315,4.736248,0.54695827,18
11491,0.852031,0.8683261,1.9874623,0.59543145,19
11492,0.046408646,0.77427316,3.1583738,1.1218919,20
11493,0.98530626,0.44754824,4.296262,0.90801525,21
11494,3.203583e-06,0.5956894,2.1103241,0.9810522,22
11495,0.95541155,0.22313182,3.6203704,0.603793,23
11496,0.0032614714,0.69830567,1.5359067,0.8341381,0
11497,0.007310875,0.5337686,2.1934266,0.6302874,1
11498,0.05057275,0.5037029,0.9923517,1.2471378,2
11499,0.55285674,0.07175477,5.217628,0.9943507,3
11500,0.77627236,0.87218505,4.696944,1.1186056,4
11501,0.42596453,0.69814736,2.665157,0.87307537,5
11502,0.996438,0.90203005,1.123644,0.48438215,6
11503,0.113244265,0.38653132,2.7186658,0.58885515,7
11504,0.8565834,0.42498747,3.6859095,0.7404971,8
11505,0.9282318,0.4509983,2.0770972,0.62585384,9
11506,0.03677232,0.5070033,3.5264192,0.52040243,10
11507,0.267256,0.055028148,4.531861,0.7141411,11
11508,0.29434025,0.33222356,1.3973182,0.8084226,12
11509,0.7633985,0.46356976,2.2714174,0.7950112,13
11510,0.15568916,0.66727316,3.3653736,0.98974997,14
11511,3.091385e-05,0.63331556,2.6236477,0.89469576,15
11512,0.29279193,0.370937,3.918602,0.6809264,16
11513,0.040580004,0.65513825,2.3841991,0.72011715,17
11514,0.9903452,0.47905344,4.6291723,0.6175559,18
11515,0.07994911,0.8188583,2.653022,0.68662786,19
11516,0.19874744,0.6824354,3.728329,0.72510576,20
11517,3.827668e-05,0.47844538,3.3765144,0.5929204,21
11518,0.0012174891,0.52497476,1.0323105,0.9980805,22
11519,0.014679572,0.23119433,3.035866,0.9162545,23
11520,0.0025958428,0.67061,2.9821491,0.766242,0
11521,0.97483975,0.6767732,1.9414954,0.7900454,1
11522,0.30412728,0.6327208,1.0367682,0.7870259,2
11523,0.8123127,0.06136296,6.044877,0.7537841,3
11524,0.96634567,0.8387479,4.4273653,0.7343911,4
11525,0.0025768296,0.7993733,3.4658005,0.7812139,5
11526,0.98956037,0.53318703,1.800098,0.7308504,6
11527,0.037232324,0.356429,2.2333715,0.64019156,7
11528,0.16887188,0.52142805,4.1714616,0.84100366,8
11529,0.00454288,0.52637273,2.0508475,1.1152927,9
11530,0.5066798,0.40960005,3.7301416,0.48581088,10
11531,0.30658066,0.019411068,3.0323994,0.7297356,11
11532,0.24889164,0.31801194,1.8810458,0.8193102,12
11533,0.31543618,0.41920787,4.1206865,0.52465963,13
11534,0.040451877,0.91181195,3.1923819,0.6570978,14
11535,0.81740147,0.82582533,3.5506687,0.7769373,15
11536,0.2952705,0.3886684,3.5393448,0.57824737,16
11537,0.99427867,0.63642,2.3062646,0.4343198,17
11538,0.5953543,0.6587171,5.229916,0.77972203,18
11539,0.7565763,0.61209935,2.4994369,0.5422664,19
11540,0.0012196852,0.68278676,4.9330177,0.71248686,20
11541,0.020054253,0.47119758,3.426286,0.97273535,21
11542,0.5600892,0.63535094,1.9782984,0.80059457,22
11543,0.038429305,0.21541566,2.6292994,0.67233646,23
11544,0.76323193,0.84712183,2.476699,0.6332645,0
11545,0.18572555,0.5042279,2.515099,0.7353498,1
11546,0.34453052,0.34686098,1.0553713,0.57571816,2
11547,0.43205428,0.07872605,5.0207973,1.2028173,3
11548,4.102655e-07,0.75559276,4.8938227,0.8016654,4
11549,0.90633684,0.8083944,3.1853187,0.48380035,5
11550,0.0050104866,0.8625213,1.0834762,0.91127604,6
11551,0.30063376,0.38492987,2.0184503,0.5577413,7
11552,7.8229505e-06,0.46168032,5.097632,0.91911805,8
11553,0.94732285,0.31313148,2.050393,0.5499735,9
11554,0.02814027,0.6822559,4.0330114,0.7250326,10
11555,0.014508904,0.016573954,4.182001,0.39526775,11
11556,0.36321402,0.26502174,1.092128,0.5541772,12
11557,0.12349386,0.40582323,2.9870458,0.6426045,13
11558,0.94896257,0.7582221,3.7647066,0.8553367,14
11559,0.481952,0.7465548,3.0314982,0.60808134,15
11560,0.0044184076,0.45395377,3.0303445,0.91420734,16
11561,0.00049459597,0.36357698,2.0883412,0.77243984,17
11562,0.015874805,0.5203621,4.370205,1.4064746,18
11563,0.10521514,0.7549447,2.9595866,0.76588905,19
11564,0.0035828347,0.6677774,5.52753,0.7912134,20
11565,0.013683401,0.452203,4.681559,0.81289554,21
11566,0.016306072,0.6681577,1.844991,0.847603,22
11567,0.0040947497,0.18011269,2.6462598,0.63796353,23
11568,0.03469784,0.8836542,2.394824,1.1179426,0
11569,0.78965527,0.76498324,1.7983484,0.7707671,1
11570,0.01601032,0.25791126,0.5872711,0.64360434,2
11571,0.4183837,0.088791415,4.7374887,0.66694725,3
11572,0.6905409,0.7926443,2.9359176,1.0110319,4
11573,0.87031704,0.842881,3.4708705,0.5296809,5
11574,0.99708015,0.52297753,1.1440842,0.7056069,6
11575,0.20293325,0.3197793,1.1761473,0.6695732,7
11576,0.34564164,0.6047997,4.8675585,0.73271644,8
11577,0.040315762,0.70527595,2.3654695,0.6894916,9
11578,0.021392733,0.6607948,2.8983574,0.6824975,10
11579,0.0021489728,0.027839676,3.0724063,0.970556,11
11580,0.2388712,0.6440502,1.4547045,0.88915116,12
11581,0.025264364,0.36355487,3.388097,0.4890816,13
11582,0.041238133,0.72374505,3.2737706,0.8486282,14
11583,0.0047498997,0.9125281,2.4806225,0.88552225,15
11584,0.17679702,0.42594537,3.9711823,0.8209807,16
11585,0.9005617,0.57186437,2.4167826,0.5415199,17
11586,0.0010505549,0.5709837,5.138956,0.5558949,18
11587,0.17653692,0.6695177,2.1102552,0.58516926,19
11588,0.34130436,0.8453127,6.8853183,0.5788695,20
11589,0.19598936,0.41528174,3.492856,0.7384144,21
11590,0.0038349074,0.5855589,1.6387926,0.78907394,22
11591,0.99251235,0.4504157,2.9611542,0.6682062,23
11592,0.06606025,0.9096378,1.7405772,1.4158195,0
11593,0.005211575,0.41310954,1.9925566,1.1739233,1
11594,0.021167485,0.70203865,0.7353208,0.49522823,2
11595,0.19059,0.067160726,5.4979663,0.7817015,3
11596,7.875057e-05,0.9495436,4.786885,0.98515326,4
11597,0.35081288,0.7909565,2.5948002,0.5627889,5
11598,0.96220523,0.5612476,1.1196938,0.6417974,6
11599,0.020317247,0.40052378,2.1201,0.920937,7
11600,0.014738152,0.57162446,3.7203484,0.8803201,8
11601,0.9701811,0.35414228,1.3232462,0.5886165,9
11602,0.7578131,0.5241471,4.147323,0.6929126,10
11603,0.83601326,0.019380052,3.8207006,0.65178704,11
11604,0.3497878,0.5216386,1.6146363,0.8909274,12
11605,0.7906249,0.32331106,3.3636355,0.71942365,13
11606,0.9780317,0.76458436,3.350903,0.68486035,14
11607,0.99530137,0.7357275,2.5775168,0.39635298,15
11608,0.43899363,0.386172,4.5583105,0.80464673,16
11609,0.9970751,0.63780993,2.507835,0.46391335,17
11610,0.00097095757,0.49114534,4.9971266,0.68045586,18
11611,0.0040146797,0.80951273,3.5453906,0.7594651,19
11612,0.8910705,0.6836738,3.3664324,0.41279536,20
11613,0.0003771429,0.3779074,3.2313719,1.1735187,21
11614,0.008623534,0.889102,1.8517623,0.76109236,22
11615,0.9840714,0.14288458,2.0671992,0.47063485,23
11616,0.9569468,0.75288373,2.1562245,0.34448546,0
11617,0.5636114,0.35554126,1.6890285,0.42027223,1
11618,0.09136993,0.8738452,1.3252782,0.8718664,2
11619,0.6594781,0.06762279,6.2094736,0.60520184,3
11620,0.1950356,0.93594676,4.4422307,0.648486,4
11621,0.76933384,0.85108495,3.2737114,0.42656127,5
11622,0.8218212,0.8288787,1.7755915,0.6571498,6
11623,0.56218004,0.7756891,2.8390133,0.494964,7
11624,0.08318629,0.5049235,4.2618694,0.88093793,8
11625,5.8735877e-05,0.29507804,1.7517091,0.7497004,9
11626,0.7076755,0.6858133,3.4101174,0.7962733,10
11627,0.12486978,0.032461885,3.3534636,0.78319764,11
11628,0.3692903,0.8230806,1.8971858,1.4479829,12
11629,0.0010280297,0.4307066,2.287441,0.9044398,13
11630,0.53939503,0.82956845,3.6802044,0.88910556,14
11631,0.35121801,0.7737642,3.4823952,0.89443016,15
11632,0.0027175457,0.48598948,3.721549,1.1463988,16
11633,0.00019680297,0.4969103,1.9809656,0.90558535,17
11634,0.00043046064,0.59396636,3.8146856,0.8351488,18
11635,0.80898046,0.8362989,3.660098,0.75607234,19
11636,0.20694634,0.5975712,4.5467443,0.5896565,20
11637,0.68654704,0.34812403,3.5664544,0.71593606,21
11638,0.34435856,0.5619194,2.338181,0.97922814,22
11639,0.007837551,0.22884622,1.7162266,0.5270922,23
11640,0.006509828,0.6451898,1.8807942,0.7830817,0
11641,0.77522033,0.50598884,1.5418861,0.49522385,1
11642,0.7769798,0.3392157,1.9039155,0.6865919,2
11643,0.48496813,0.06646791,5.021204,0.74066454,3
11644,0.3371784,0.82701695,4.4470425,0.7053896,4
11645,0.044180404,0.6035734,3.4051752,0.931885,5
11646,0.002330048,0.55864805,1.2621564,0.7604981,6
11647,0.19010349,0.43203267,2.7887268,0.78322893,7
11648,0.7505902,0.6595928,4.226648,0.55821145,8
11649,0.81121266,0.32598013,1.5405673,0.8081878,9
11650,0.4528318,0.32697102,3.4514925,0.5683234,10
11651,0.28034335,0.030009232,3.6910777,0.84811914,11
11652,0.24032788,0.49470922,1.3277667,1.2038535,12
11653,0.121508434,0.5200457,2.1012857,0.7697952,13
11654,0.046147257,0.5289308,4.443971,0.7706418,14
11655,0.95864666,0.73052573,4.243781,0.6872487,15
11656,0.11436961,0.3218257,3.6352744,0.88801694,16
11657,0.006353752,0.4609579,2.9097571,0.892362,17
11658,0.0030737023,0.4474426,5.0172415,0.7246792,18
11659,0.1434424,0.53627133,1.9015353,0.64690655,19
11660,0.030663481,0.59295285,4.343335,0.9253638,20
11661,0.9712541,0.3869187,3.871018,0.62522745,21
11662,0.008918719,0.77109736,2.693719,0.7681737,22
11663,0.04037035,0.269255,2.6571774,0.6936468,23
11664,0.0996907,0.29039788,2.3125987,0.8199326,0
11665,0.64420843,0.29733297,1.7515593,0.92220056,1
11666,0.0065664886,0.2627791,0.98266053,0.651019,2
11667,0.8071189,0.0672173,4.214769,1.319527,3
11668,0.23888633,0.9161964,4.3818693,1.0029235,4
11669,0.06688364,0.79907274,3.5338602,0.48328623,5
11670,0.21605927,0.67617524,0.7926672,0.8330183,6
11671,0.00086334045,0.22389095,1.5660932,0.8856186,7
11672,0.029207569,0.5899195,5.1612573,0.9038452,8
11673,0.010888879,0.42521036,2.2921333,0.91092795,9
11674,0.39909902,0.6406298,2.1554635,0.71534634,10
11675,0.12904619,0.029577041,4.2254915,0.6453926,11
11676,0.46097434,0.5805815,1.221039,0.8350122,12
11677,0.005197138,0.43638256,3.1659994,0.6288035,13
11678,0.023315236,0.80887884,4.3257027,1.5004525,14
11679,0.15521713,0.87192035,3.2786808,0.899214,15
11680,0.08469714,0.36038283,4.2089562,0.61126006,16
11681,0.5432708,0.58442885,2.5465841,0.7358697,17
11682,0.49707255,0.6230249,4.427514,0.5868323,18
11683,0.015501063,0.740583,2.9867926,0.63040143,19
11684,0.081522055,0.66344595,3.161016,0.78903705,20
11685,0.86210436,0.35109496,4.474599,0.6611835,21
11686,0.023126077,0.6106689,1.1138055,0.939424,22
11687,0.31591704,0.30645818,2.357268,0.7212264,23
11688,0.49395567,0.8503086,2.0292559,0.5345639,0
11689,0.17291908,0.5772473,2.443509,0.6594616,1
11690,0.27501455,0.57354665,1.2105845,1.0398756,2
11691,0.35113034,0.061738264,4.645977,0.7307,3
11692,0.9836969,0.8743691,3.7396069,0.3814348,4
11693,0.504342,0.5078097,3.5960305,0.34700775,5
11694,0.9999559,0.91617846,0.866518,0.7613531,6
11695,0.099553384,0.21549575,1.6978723,0.6254406,7
11696,0.9828425,0.40258467,2.8350987,0.60917884,8
11697,0.9942367,0.66619295,2.0037117,0.6092243,9
11698,0.15673,0.56986517,3.5570974,0.4963574,10
11699,0.029982248,0.022296198,4.030615,0.78852445,11
11700,0.6704569,0.782812,1.259733,0.9192227,12
11701,0.032270674,0.4890613,3.186469,0.8280734,13
11702,0.0027098544,0.87732905,3.1835196,0.86022013,14
11703,0.025998114,0.8332377,3.3871982,1.2634358,15
11704,0.9216396,0.3878399,4.131037,0.8339152,16
11705,0.0011244499,0.5281108,2.7150726,0.63961625,17
11706,0.0035299554,0.5738457,5.6869516,0.58889204,18
11707,0.93657696,0.7133286,2.1359963,0.6152458,19
11708,0.015821287,0.71181273,4.4309025,0.78713274,20
11709,0.00013062598,0.37022454,3.3396027,0.6648247,21
11710,0.81156725,0.55081105,1.4105213,0.46764606,22
11711,0.94286495,0.304721,2.371724,0.41710126,23
11712,0.78268033,0.37156838,1.6466738,0.5759493,0
11713,0.37672502,0.3665234,2.0013108,0.81010133,1
11714,0.4572563,0.8353697,1.0433204,0.6007297,2
11715,0.49865946,0.060374826,5.738299,0.73486894,3
11716,0.73316497,0.8350644,3.9556751,0.64753807,4
11717,0.9876993,0.7024865,3.9781895,0.64935416,5
11718,0.9948664,0.89854646,0.9965553,0.63580084,6
11719,0.0022128252,0.7551099,3.1461396,0.7857198,7
11720,0.0074031013,0.5824356,3.413019,0.6543415,8
11721,0.6169173,0.43453285,2.0550082,0.772214,9
11722,0.50153255,0.65165836,4.9601483,0.67653406,10
11723,0.03085576,0.039053798,3.4208894,0.6969104,11
11724,0.40131542,0.6805191,1.4215173,0.82523936,12
11725,0.035647303,0.25306574,2.1401043,0.52010965,13
11726,0.006640301,0.656277,3.7502284,0.48521104,14
11727,0.027331833,0.8300007,3.6584566,0.76255333,15
11728,0.06516425,0.2618912,3.5717776,0.81348205,16
11729,0.42388672,0.60451937,2.7744656,0.7780698,17
11730,0.43731743,0.51493347,5.1153326,0.7034243,18
11731,0.9938099,0.8407789,2.885208,0.6056495,19
11732,0.33213994,0.6426825,4.212391,0.723248,20
11733,0.014551325,0.3963738,3.4698253,0.7072127,21
11734,0.99455655,0.26836434,1.5609425,0.598501,22
11735,0.26576254,0.29089135,3.1461775,0.6148894,23
11736,0.1710934,0.7023155,2.8111446,0.622386,0
11737,0.94449025,0.345046,1.6436349,1.032432,1
11738,0.2108307,0.78767765,1.4797125,1.0502084,2
11739,0.7115307,0.04734846,4.8375373,0.7011736,3
11740,0.079566665,0.84513235,4.593812,0.99897003,4
11741,0.85347295,0.8829003,2.7159085,0.62579906,5
11742,0.7663941,0.8624289,1.0277159,0.7712528,6
11743,0.08055698,0.5376095,2.4447575,0.59281385,7
11744,0.4379369,0.60992247,3.9568672,0.70968336,8
11745,0.014564219,0.51617146,1.7830657,0.56386,9
11746,0.94169056,0.65940714,4.0601263,0.6307166,10
11747,0.975827,0.03418901,5.359366,0.5035811,11
11748,0.46763813,0.41683233,1.8215575,1.1350913,12
11749,0.8996955,0.26641655,2.368435,0.6636362,13
11750,0.017657561,0.5057128,3.9077563,0.9026012,14
11751,0.0010274148,0.81608206,4.08112,1.1144792,15
11752,0.88829625,0.42995194,3.5753303,1.1463139,16
11753,0.6202476,0.74410194,2.9397073,0.6273409,17
11754,0.0058247405,0.52345026,4.3039527,1.2181436,18
11755,0.07437272,0.5357945,2.4990265,0.5638147,19
11756,0.9606437,0.51532036,3.2235417,0.5023635,20
11757,0.010354887,0.30910754,3.417162,0.76609373,21
11758,0.96699554,0.38049787,0.9400799,0.68166584,22
11759,0.0026356608,0.32274958,2.6013956,0.7983049,23
11760,0.9997974,0.5560177,1.8120248,0.26675004,0
11761,0.013458933,0.22763549,1.9899886,0.6381606,1
11762,0.96298206,0.86113626,1.4400554,0.86254114,2
11763,0.48363197,0.07292848,5.6561856,0.74717295,3
11764,0.96675986,0.8246969,4.4378176,0.61164767,4
11765,0.13839686,0.7388264,2.782631,0.6728547,5
11766,0.03038346,0.76992214,0.9312177,0.62730443,6
11767,0.8868462,0.49597713,2.1970248,1.0122548,7
11768,0.99306905,0.52116203,5.218092,0.6862936,8
11769,7.4054275e-05,0.50708735,1.6258206,1.1013414,9
11770,0.17177176,0.68090534,3.788092,0.7224805,10
11771,0.16223483,0.019895827,3.9184403,0.4622172,11
11772,0.28191382,0.13768303,1.1159314,0.6735042,12
11773,0.48007205,0.27219495,2.365078,0.67029333,13
11774,0.97901505,0.72828346,3.7763965,0.7896435,14
11775,3.8705373e-05,0.6302154,3.611027,0.97608453,15
11776,0.28629965,0.41066408,2.8055358,0.9598431,16
11777,0.07883542,0.462558,2.8371696,0.7185174,17
11778,0.025960723,0.5711295,4.951883,0.83943653,18
11779,0.42976466,0.729861,2.5786328,0.85013497,19
11780,0.00036411334,0.68019795,4.185509,0.8452929,20
11781,0.3117796,0.5064271,2.7026794,0.54440343,21
11782,0.02290317,0.44844103,1.57291,0.73149633,22
11783,0.0033106597,0.23957059,2.909622,0.6767613,23
11784,0.0007636135,0.61802775,1.8917286,1.1244122,0
11785,0.88658184,0.7171531,2.2884157,0.44025686,1
11786,0.80831146,0.8391493,1.6584849,0.65752923,2
11787,0.84345424,0.053377047,5.990452,0.53309107,3
11788,0.017683715,0.91789484,4.8948865,0.7280758,4
11789,0.2485446,0.6780312,2.4458995,0.7126454,5
11790,4.92729e-05,0.6910453,0.83503574,0.60057235,6
11791,0.9553321,0.454314,2.2749572,0.558013,7
11792,0.0077381916,0.44216475,3.8354537,0.5364914,8
11793,0.911741,0.63214433,1.9209362,0.78869814,9
11794,0.0937801,0.4373239,3.5106568,0.7349959,10
11795,0.00034751324,0.03401129,4.0526724,0.6886682,11
11796,0.41472492,0.6857771,1.0810368,1.015743,12
11797,0.17755309,0.43832913,2.6737607,0.6673685,13
11798,0.11143564,0.81136864,3.5992155,0.5494629,14
11799,0.0700969,0.73347867,4.2693605,0.861379,15
11800,0.99034345,0.52405804,4.7446146,0.5983082,16
11801,2.9902412e-05,0.73196876,3.6500463,0.985566,17
11802,0.14190508,0.5036179,4.292298,0.60346365,18
11803,0.30003262,0.55859697,2.2021253,0.6139029,19
11804,0.061793458,0.57949394,3.94067,0.59760547,20
11805,0.8969335,0.59056,3.6005187,0.77000904,21
11806,0.1021866,0.7317357,1.7843175,0.7188285,22
11807,0.8019263,0.38908365,1.7683823,0.75750244,23
11808,0.9943381,0.68051505,1.6172996,0.8554779,0
11809,0.88524103,0.4046097,1.5517832,0.8129449,1
11810,0.36748168,0.5708883,1.602464,0.7161932,2
11811,0.6510815,0.0497113,4.721366,0.9368091,3
11812,0.06307343,0.89589834,4.959763,0.8093352,4
11813,0.003954483,0.85683215,4.8708754,0.80195665,5
11814,0.77168465,0.2002421,0.7801807,0.80526704,6
11815,0.0221858,0.48070142,2.3429258,0.94767284,7
11816,0.34431273,0.37579355,4.717796,0.5962424,8
11817,0.22683729,0.17882887,1.5485715,1.1374493,9
11818,0.08005125,0.65910214,3.107998,0.51715934,10
11819,0.66116315,0.03563908,5.6294274,0.8141626,11
11820,0.52425796,0.58117783,0.9876015,0.641065,12
11821,0.0037039942,0.46092844,3.1658027,0.8446194,13
11822,0.009933679,0.70366305,3.786049,0.7731556,14
11823,0.0035119706,0.6389739,3.3095589,1.0300883,15
11824,0.86673,0.41297707,4.1260705,0.4863637,16
11825,0.9994873,0.63265806,3.316197,0.51898587,17
11826,5.3055795e-05,0.5113649,5.632349,0.8006655,18
11827,0.81750613,0.7407644,2.341802,0.7264191,19
11828,0.5937798,0.719425,3.9052286,0.6845857,20
11829,0.38914207,0.35078847,4.2638464,0.73451436,21
11830,0.52178454,0.6031173,1.2631894,1.0177585,22
11831,0.14165007,0.29255483,3.087518,0.9377193,23
11832,0.050346635,0.8129453,2.431408,0.8844972,0
11833,0.24292967,0.21796283,2.190656,0.82749194,1
11834,0.807173,0.59431374,0.77394,0.63430786,2
11835,0.442827,0.049615096,4.6495404,0.8229195,3
11836,0.012918582,0.8245695,3.193719,1.0297575,4
11837,0.10506613,0.8461597,2.5147543,0.7514156,5
11838,0.010006364,0.36794424,0.73014504,0.85874045,6
11839,0.2731925,0.30782646,2.4790232,0.68146896,7
11840,0.040209297,0.50129086,3.762797,0.8716278,8
11841,0.12259524,0.43425086,1.1929146,0.73005503,9
11842,0.017061662,0.37324932,3.2182064,0.70957726,10
11843,0.10961143,0.020477219,3.416154,0.59023213,11
11844,0.09867263,0.7622019,2.304161,0.57815266,12
11845,0.20964392,0.30627227,3.1548648,1.0305854,13
11846,0.029640796,0.79119676,3.344346,0.6404693,14
11847,0.003781144,0.7735774,3.797608,0.7082033,15
11848,0.00046272093,0.37015587,4.5705667,0.7746181,16
11849,0.09097252,0.7757591,2.6184902,0.49661595,17
11850,0.5578036,0.4866296,4.7793326,0.54499006,18
11851,0.78302777,0.7557475,1.2963415,0.4882837,19
11852,0.04277125,0.6837463,5.1577616,0.9116311,20
11853,0.81825435,0.30882335,3.596404,0.79255986,21
11854,0.001183246,0.6167242,1.2112464,0.82937086,22
11855,0.008122757,0.17001405,2.866786,0.76738024,23
11856,0.89511037,0.7073575,2.0821433,0.6734416,0
11857,0.0075319842,0.3807169,1.8589828,0.690378,1
11858,0.028780393,0.34089777,1.6265781,0.6093257,2
11859,0.67278874,0.05336468,4.4034824,0.5718597,3
11860,0.9996499,0.8715763,4.516279,0.51833665,4
11861,0.020208292,0.8555815,2.7566395,1.3275992,5
11862,0.9981304,0.38872012,0.85121846,0.9494896,6
11863,0.23334154,0.2310116,2.3237343,0.44141126,7
11864,0.1312442,0.56336695,5.42234,0.7304144,8
11865,0.675585,0.48656285,1.2154005,0.8842495,9
11866,0.0035924197,0.57166207,2.5514178,0.8570855,10
11867,0.23545617,0.032712393,3.772106,0.6391894,11
11868,0.21569575,0.20155552,1.6108661,1.2260674,12
11869,0.0005621336,0.3139227,2.1395822,0.74815905,13
11870,0.43527132,0.8345349,4.1680107,0.73065484,14
11871,0.0011614503,0.7002773,4.4230585,0.8249433,15
11872,0.12276849,0.42039976,4.0264306,0.7866543,16
11873,0.2961204,0.6023764,3.268372,0.37774807,17
11874,0.9464844,0.5502177,5.234344,0.57719505,18
11875,0.12510464,0.35990307,2.8725326,0.95253575,19
11876,0.0014153301,0.69234455,3.7812088,0.75375545,20
11877,0.019809343,0.41074073,3.86083,1.0142399,21
11878,0.0004518472,0.36848822,1.4607518,0.8256055,22
11879,0.025128406,0.18711302,2.7897825,0.66537386,23
11880,0.008632776,0.874517,2.476488,0.8237711,0
11881,0.34038928,0.24824055,2.5202904,0.6511018,1
11882,0.22298364,0.4676966,1.4853746,0.9665524,2
11883,0.59591424,0.058404222,5.292877,1.2403251,3
11884,0.7092439,0.8839036,3.1405733,0.823719,4
11885,0.6476336,0.5792999,2.5437593,0.48325542,5
11886,0.11831445,0.9012646,0.8961034,0.8878075,6
11887,0.04553043,0.5870894,1.5391452,0.91062224,7
11888,0.0022401912,0.47007474,4.6100373,0.547425,8
11889,0.07780309,0.6125859,1.8243754,0.7864401,9
11890,0.002490579,0.38794878,3.8265104,0.92631274,10
11891,0.6269544,0.017077176,3.5354095,0.5117692,11
11892,0.48804328,0.51043063,1.5827012,1.0114349,12
11893,0.6102789,0.15852448,1.816453,0.5194045,13
11894,0.6236959,0.70423514,3.4942994,0.79435617,14
11895,0.00013089381,0.7837626,2.8326547,1.0151889,15
11896,0.8295363,0.2320984,3.6869144,0.4894115,16
11897,0.21622321,0.5208515,2.6150723,0.78090674,17
11898,0.0450737,0.4608219,4.0034204,0.6687572,18
11899,0.04942997,0.46312934,2.376932,0.5946011,19
11900,0.39001217,0.71234405,3.6165044,0.61891997,20
11901,0.021493925,0.3823088,3.6139822,0.6793511,21
11902,0.014474908,0.47154477,1.66716,0.7680805,22
11903,0.48095453,0.30323678,2.0175667,0.571362,23
11904,0.006241416,0.54998165,1.3316848,0.6266738,0
11905,0.93139625,0.57707655,2.5643742,0.68906784,1
11906,0.7393301,0.8371282,1.1582594,1.1331184,2
11907,0.41791245,0.06707486,5.2034483,0.8263493,3
11908,0.8851058,0.91793543,3.749641,0.5452097,4
11909,0.8994408,0.75449735,3.4152427,0.47409505,5
11910,0.006053421,0.44297445,0.67652094,0.9117833,6
11911,0.3596924,0.3712399,2.4337554,0.5198215,7
11912,0.040172234,0.37967873,4.0764155,0.9181086,8
11913,0.06568798,0.53210753,1.2795275,0.7487197,9
11914,0.1531357,0.56642765,3.2557602,0.6127469,10
11915,0.005531567,0.04906831,4.654732,0.51312387,11
11916,0.43275538,0.36460024,0.9806011,0.70118,12
11917,0.015184676,0.44372064,2.8411818,0.9182778,13
11918,0.016003124,0.7826846,3.5471196,0.7887607,14
11919,0.49427184,0.6521236,3.380314,0.6553704,15
11920,0.8955441,0.37298173,4.570193,0.6270646,16
11921,0.923836,0.58626175,2.1516027,0.44791847,17
11922,0.22540957,0.47785148,4.397577,0.8413577,18
11923,0.51862526,0.65206873,2.3679078,1.0082455,19
11924,0.00082080846,0.6058847,4.500566,1.093767,20
11925,0.01367379,0.3865911,3.597423,0.7203493,21
11926,0.0002487288,0.8049432,1.144546,0.99035805,22
11927,0.060372867,0.32492208,3.1151035,0.63322717,23
11928,0.0446676,0.53234935,1.6036987,0.6614139,0
11929,0.22702236,0.3386796,2.237235,0.8209279,1
11930,0.056380037,0.22363572,1.311935,0.8602823,2
11931,0.80474,0.07651136,5.868309,0.67001057,3
11932,0.15219322,0.76280844,3.6074388,0.9057925,4
11933,0.040249508,0.83087444,3.1978302,0.66877776,5
11934,8.3436025e-05,0.7556307,0.7314445,0.7923789,6
11935,0.01070668,0.40960672,2.6693182,0.78034294,7
11936,0.012257164,0.37010148,4.347536,0.7184783,8
11937,0.9854881,0.69187844,1.4251703,0.6491241,9
11938,0.73295534,0.5287948,3.6437078,0.65307415,10
11939,0.1801197,0.0461768,4.1172094,0.6805749,11
11940,0.32420883,0.5818561,1.0202613,0.65504223,12
11941,3.777528e-05,0.38728848,2.6405957,0.7342447,13
11942,0.9007137,0.7926491,4.5335827,0.6401228,14
11943,0.9684344,0.787959,2.7325163,0.48952904,15
11944,0.5135505,0.32966602,4.6106677,0.7841348,16
11945,0.07021826,0.5413076,2.0160065,0.9128922,17
11946,0.91810995,0.50806296,3.2520664,0.73113567,18
11947,0.013875537,0.7196549,2.8825417,1.2240148,19
11948,0.01963537,0.7658989,4.685032,0.60123,20
11949,0.027679829,0.36204046,3.1952188,1.1358918,21
11950,0.4296887,0.37754998,0.8769813,0.67288846,22
11951,0.069329426,0.39384258,2.741659,0.61954075,23
11952,0.07611038,0.75193244,2.3199031,0.6142176,0
11953,0.028716441,0.37365192,1.8188828,0.8435667,1
11954,0.04470637,0.3744667,1.5254213,0.5637522,2
11955,0.7954238,0.056207236,5.518966,0.77718014,3
11956,0.9850996,0.9004799,3.9980354,0.5715198,4
11957,0.22052531,0.60998034,2.9060223,0.67482436,5
11958,0.00030318953,0.97472066,1.2435557,0.6261361,6
11959,0.0014016465,0.8712825,3.9535923,0.7577363,7
11960,0.12786494,0.43622896,4.341659,0.9317708,8
11961,0.9793372,0.83595544,2.0124385,0.5438229,9
11962,0.27112523,0.54155564,2.5585856,0.959519,10
11963,0.0077325264,0.024393141,3.4381733,0.5524849,11
11964,0.48833865,0.8129338,1.6347064,0.8745781,12
11965,0.005604437,0.35682198,1.8967532,0.6046383,13
11966,0.68256223,0.7654872,3.9166949,0.79534245,14
11967,0.014939934,0.7469406,4.7930202,0.59349686,15
11968,0.02218007,0.4356375,5.169117,0.7013626,16
11969,0.81839466,0.56035876,2.181926,0.5148437,17
11970,0.3231107,0.5753578,4.7228165,0.6823662,18
11971,0.80889934,0.5961588,2.61431,0.6629146,19
11972,0.94455904,0.7364104,3.8943026,0.592271,20
11973,0.3239401,0.35763332,4.409125,0.7104672,21
11974,0.11623496,0.48150772,1.5981956,0.68441266,22
11975,0.00014474985,0.3732242,2.9832087,0.94988537,23
11976,0.00038383732,0.76013297,1.4324361,1.3923408,0
11977,0.98668915,0.58021164,2.4345856,0.653159,1
11978,0.81927663,0.37319604,0.9632367,0.69725704,2
11979,0.45813397,0.063699506,6.093199,0.801503,3
11980,0.001781997,0.9232597,3.6896703,0.746919,4
11981,0.0014930128,0.70935696,3.6935866,0.8444798,5
11982,0.35258803,0.75551724,1.6583843,0.63640296,6
11983,0.025808124,0.5559821,2.0698757,0.8830238,7
11984,0.9170791,0.5374853,3.4855888,0.81305027,8
11985,0.98832023,0.71759355,2.618781,0.6498959,9
11986,0.25452042,0.6890631,3.9211223,0.9121316,10
11987,0.13619776,0.020893233,3.4195514,0.7340853,11
11988,0.42911255,0.26370966,1.775725,0.78709453,12
11989,0.6825965,0.5637069,3.1771543,0.7540293,13
11990,0.06371994,0.7918184,4.1083674,0.65281415,14
11991,0.67733556,0.694869,3.1263516,0.65691954,15
11992,0.67388654,0.45469895,4.3638134,0.99812055,16
11993,0.1753055,0.55326796,2.4949965,0.60903186,17
11994,0.007282897,0.43530032,4.7960634,0.87376785,18
11995,0.03603071,0.48399314,1.4794528,0.83198166,19
11996,0.105127454,0.6590622,3.9805312,0.45397,20
11997,0.18539543,0.2777927,4.233088,1.2559171,21
11998,0.00015501844,0.6193321,1.6908683,0.91949135,22
11999,0.08659881,0.35400265,2.8448498,0.8426484,23
